                               Waveform Amplitudes                              
                               *******************                              
       Equipment:	Motor Compressor OAH-06_A
       Meas. Point:  CH-06-A   -NAA  -->  Motor Outboard Axials
       Date/Time:  28-Jun-24 08:56:47   Amplitude:  Acceleration in G-s
   
 Time (mS) Amplitude Time (mS) Amplitude Time (mS) Amplitude Time (mS) Amplitude
 --------- --------- --------- --------- --------- --------- --------- ---------
       0.      .233     133.3      .098     266.7      .031     400.0      .331
     .130      .159     133.5      .089     266.8     -.186     400.1      .150
     .260      .041     133.6     -.286     266.9     -.305     400.3     -.634
     .391      .119     133.7      .437     267.1     -.082     400.4      .636
     .521     -.578     133.9     -.145     267.2     -.146     400.5      .503
     .651      .412     134.0      .025     267.3      .230     400.7     -.325
     .781     -.144     134.1      .175     267.4     -.049     400.8      .280
     .911     -.499     134.2     -.089     267.6     -.094     400.9      .356
    1.042     -.188     134.4     -.055     267.7     -.050     401.0    -.0080
    1.172      .172     134.5     -.025     267.8     -.257     401.2     -.183
    1.302     -.030     134.6      .489     268.0      .259     401.3     -.136
    1.432     -.341     134.8     -.382     268.1      .075     401.4      .243
    1.563      .202     134.9      .254     268.2      .077     401.6     -.453
    1.693      .649     135.0     -.166     268.4     -.257     401.7      .024
    1.823     -.517     135.2     -.133     268.5      .325     401.8      .180
    1.953      .334     135.3     .0052     268.6      .188     402.0      .180
    2.083      .682     135.4     -.219     268.8     -.354     402.1      .178
    2.214     -.180     135.5      .284     268.9      .059     402.2      .071
    2.344     -.441     135.7     -.086     269.0     -.225     402.3     -.062
    2.474      .628     135.8     -.024     269.1     -.187     402.5      .127
    2.604     -.169     135.9      .359     269.3      .045     402.6     -.023
    2.734     -.606     136.1     -.035     269.4     -.214     402.7     -.344
    2.865      .317     136.2      .173     269.5      .387     402.9     -.172
    2.995     -.528     136.3    -.0018     269.7     -.377     403.0     .0025
    3.125     -.191     136.5     -.117     269.8     -.154     403.1     -.109
    3.255      .184     136.6      .159     269.9      .252     403.3     -.106
    3.385      .071     136.7    -.0021     270.1      .139     403.4      .275
    3.516     -.378     136.8     -.165     270.2     -.381     403.5      .213
    3.646      .243     137.0      .031     270.3      .013     403.6     -.162
    3.776      .233     137.1      .147     270.4      .382     403.8      .052
    3.906     -.088     137.2     -.367     270.6     -.356     403.9      .416
    4.036     -.130     137.4      .124     270.7      .123     404.0     -.242
    4.167      .341     137.5      .325     270.8      .221     404.2      .021
    4.297     -.446     137.6     -.141     271.0     -.252     404.3     -.037
    4.427     -.115     137.8     -.130     271.1     -.310     404.4     -.096
    4.557      .189     137.9      .496     271.2     -.097     404.6     -.197
    4.688      .064     138.0      .272     271.4      .153     404.7      .190
    4.818     -.512     138.2     -.253     271.5     -.032     404.8      .032
    4.948      .267     138.3      .231     271.6     -.160     404.9      .016
    5.078      .103     138.4      .065     271.7      .043     405.1      .136
    5.208     -.232     138.5     -.300     271.9     -.041     405.2      .057
    5.339     -.040     138.7     -.117     272.0      .269     405.3     -.126
    5.469      .065     138.8      .252     272.1     -.325     405.5      .244
    5.599     -.440     138.9     -.044     272.3      .175     405.6     -.385
    5.729     -.396     139.1     -.221     272.4     .0011     405.7     -.019
    5.859      .154     139.2      .217     272.5     -.083     405.9     -.035
    5.990     -.048     139.3     -.236     272.7      .200     406.0     -.183
    6.120      .164     139.5     -.024     272.8     -.121     406.1     -.121
    6.250      .096     139.6     -.039     272.9      .405     406.3      .252
    6.380      .161     139.7      .052     273.0     -.315     406.4      .059
    6.510      .058     139.8      .017     273.2     -.194     406.5     -.237
    6.641      .221     140.0      .315     273.3     -.125     406.6      .282
    6.771     -.439     140.1      .158     273.4      .088     406.8      .419
    6.901     -.071     140.2      .315     273.6     -.252     406.9     -.042
    7.031     -.049     140.4      .142     273.7     -.238     407.0     -.146
    7.161     -.302     140.5      .212     273.8      .171     407.2      .337
    7.292     -.034     140.6     -.276     274.0      .015     407.3     -.306
    7.422      .192     140.8     -.270     274.1     -.210     407.4     -.287
    7.552     -.441     140.9      .445     274.2      .489     407.6      .144
    7.682     -.109     141.0     -.348     274.3      .144     407.7     -.277
    7.813      .142     141.1     -.479     274.5     -.045     407.8     -.248
    7.943      .183     141.3      .117     274.6      .067     407.9     .0097
    8.073     -.318     141.4      .390     274.7      .630     408.1     -.187
    8.203      .356     141.5     -.618     274.9     -.308     408.2      .130
    8.333      .272     141.7      .020     275.0     -.393     408.3      .078
    8.464     -.367     141.8      .349     275.1      .208     408.5      .250
    8.594      .192     141.9     -.154     275.3     -.150     408.6     -.198
    8.724      .079     142.1      .049     275.4     -.281     408.7      .228
    8.854     -.346     142.2      .469     275.5      .095     408.9      .186
    8.984     -.148     142.3      .151     275.7      .147     409.0     -.280
    9.115      .057     142.4      .032     275.8     -.102     409.1      .151
    9.245     -.115     142.6     -.164     275.9      .052     409.2      .165
    9.375      .016     142.7      .398     276.0      .361     409.4     -.131
    9.505      .152     142.8     -.201     276.2      .214     409.5     -.092
    9.635      .024     143.0      .053     276.3     -.289     409.6      .204
    9.766     -.342     143.1     -.220     276.4      .132     409.8      .059
    9.896      .162     143.2     -.290     276.6      .164     409.9     -.734
    10.03     -.056     143.4      .133     276.7      .168     410.0      .196
    10.16     -.224     143.5     -.019     276.8     -.182     410.2      .141
    10.29      .254     143.6     -.203     277.0      .106     410.3     -.435
    10.42      .278     143.8     -.065     277.1     -.126     410.4     -.066
    10.55     -.509     143.9      .028     277.2     -.209     410.5      .352
    10.68      .144     144.0     -.138     277.3      .121     410.7     -.073
    10.81      .539     144.1      .377     277.5     -.065     410.8     -.391
    10.94     -.489     144.3     .0017     277.6      .176     410.9      .445
    11.07     -.241     144.4      .026     277.7      .324     411.1     -.112
    11.20      .219     144.5     -.039     277.9      .022     411.2     -.103
    11.33      .280     144.7      .254     278.0      .114     411.3      .016
    11.46     -.416     144.8     -.100     278.1      .335     411.5     -.021
    11.59      .035     144.9      .146     278.3      .188     411.6      .136
    11.72      .409     145.1    -.0074     278.4     -.268     411.7     -.306
    11.85     -.282     145.2     .0048     278.5      .088     411.8     -.239
    11.98     -.298     145.3     -.275     278.6      .221     412.0     -.156
    12.11      .376     145.4      .194     278.8     -.161     412.1    -.0013
    12.24      .016     145.6      .087     278.9      .250     412.2     -.252
    12.37     -.142     145.7     -.267     279.0      .049     412.4     -.194
    12.50      .130     145.8     -.284     279.2      .057     412.5      .325
    12.63      .306     146.0      .052     279.3     -.148     412.6     -.273
    12.76     -.262     146.1     -.112     279.4      .214     412.8      .112
    12.89     -.101     146.2      .182     279.6      .085     412.9      .098
    13.02      .141     146.4     -.073     279.7     -.148     413.0      .057
    13.15     -.244     146.5     -.061     279.8      .063     413.2     -.085
    13.28     -.207     146.6      .101     279.9      .087     413.3     -.210
    13.41     -.075     146.7      .142     280.1    -.0058     413.4     -.052
    13.54      .159     146.9      .024     280.2      .126     413.5      .213
    13.67      .154     147.0     -.113     280.3      .113     413.7     -.152
    13.80      .077     147.1      .162     280.5      .256     413.8     -.178
    13.93      .216     147.3     -.197     280.6      .228     413.9      .106
    14.06      .041     147.4     -.109     280.7      .171     414.1     -.056
    14.19      .286     147.5      .103     280.9      .170     414.2     -.336
    14.32     -.049     147.7     .0027     281.0      .239     414.3      .011
    14.45      .029     147.8     -.542     281.1     -.053     414.5      .033
    14.58      .117     147.9     -.255     281.3     -.338     414.6     -.139
    14.71     -.086     148.0    -.0047     281.4     -.116     414.7     -.134
    14.84    -.0059     148.2      .225     281.5     .0031     414.8      .133
    14.97     -.061     148.3     -.393     281.6     -.142     415.0      .313
    15.10     -.158     148.4      .401     281.8     -.374     415.1     -.272
    15.23     -.160     148.6      .217     281.9      .230     415.2     -.059
    15.36     -.252     148.7     -.139     282.0      .047     415.4      .116
    15.49      .213     148.8     .0043     282.2     -.102     415.5     -.075
    15.63      .129     149.0      .253     282.3      .268     415.6     -.079
    15.76      .207     149.1     -.391     282.4      .288     415.8      .196
    15.89      .183     149.2     -.199     282.6     -.144     415.9      .019
    16.02      .104     149.3      .079     282.7     -.237     416.0      .162
    16.15      .171     149.5      .092     282.8      .279     416.1     .0016
    16.28     -.105     149.6    -.0084     282.9      .316     416.3      .335
    16.41     -.202     149.7      .143     283.1     -.433     416.4      .025
    16.54      .198     149.9      .038     283.2      .249     416.5     -.447
    16.67     -.025     150.0     -.119     283.3     -.117     416.7     -.061
    16.80     -.020     150.1     -.147     283.5    -.0014     416.8      .195
    16.93      .247     150.3     -.184     283.6     -.126     416.9     -.236
    17.06      .393     150.4     -.106     283.7     -.195     417.1     -.129
    17.19     -.281     150.5     -.178     283.9     -.069     417.2      .212
    17.32     -.306     150.7     -.098     284.0     -.500     417.3     -.382
    17.45      .514     150.8     -.389     284.1      .122     417.4      .216
    17.58     -.393     150.9      .447     284.2     -.102     417.6    -.0031
    17.71    -.0080     151.0     -.057     284.4      .167     417.7      .033
    17.84      .092     151.2     -.306     284.5      .196     417.8      .142
    17.97     -.089     151.3      .162     284.6     -.229     418.0      .298
    18.10     -.090     151.4      .426     284.8      .154     418.1      .153
    18.23      .227     151.6     -.359     284.9      .144     418.2      .078
    18.36      .397     151.7      .198     285.0     -.016     418.4      .392
    18.49     -.380     151.8      .290     285.2      .025     418.5     -.122
    18.62      .348     152.0     -.046     285.3      .123     418.6     -.363
    18.75      .333     152.1     -.435     285.4      .014     418.8      .422
    18.88     -.086     152.2      .167     285.5     -.368     418.9     -.259
    19.01      .207     152.3     -.025     285.7      .191     419.0     -.208
    19.14      .127     152.5     -.273     285.8     -.063     419.1     -.099
    19.27     -.348     152.6     -.055     285.9     -.564     419.3      .146
    19.40     -.419     152.7      .080     286.1     -.140     419.4     -.298
    19.53      .021     152.9      .216     286.2      .466     419.5     -.208
    19.66     -.089     153.0     .0026     286.3     -.160     419.7      .355
    19.79     -.525     153.1      .296     286.5      .171     419.8      .173
    19.92      .365     153.3     -.408     286.6      .043     419.9     -.240
    20.05      .157     153.4      .156     286.7      .094     420.1    -.0021
    20.18     -.303     153.5      .147     286.8      .043     420.2      .654
    20.31      .485     153.6     -.316     287.0      .212     420.3     .0040
    20.44      .539     153.8     -.033     287.1      .112     420.4     -.575
    20.57     -.476     153.9      .158     287.2     -.163     420.6      .523
    20.70     -.074     154.0     -.286     287.4      .129     420.7      .226
    20.83      .709     154.2      .017     287.5      .027     420.8     -.557
    20.96     -.269     154.3      .352     287.6     -.247     421.0      .402
    21.09     -.367     154.4      .042     287.8      .088     421.1      .137
    21.22      .335     154.6     -.267     287.9     -.158     421.2     -.109
    21.35     -.022     154.7      .506     288.0     -.286     421.4     -.440
    21.48     -.335     154.8      .321     288.2     -.158     421.5      .178
    21.61      .064     154.9     -.218     288.3     -.015     421.6     -.281
    21.74      .364     155.1      .121     288.4      .378     421.7     -.197
    21.88     -.486     155.2      .365     288.5     -.394     421.9      .138
    22.01     -.253     155.3     -.555     288.7      .240     422.0     -.108
    22.14      .152     155.5     -.247     288.8      .046     422.1      .294
    22.27     -.213     155.6      .350     288.9     -.056     422.3     .0043
    22.40      .077     155.7     -.195     289.1     -.048     422.4      .355
    22.53      .499     155.9     -.306     289.2      .079     422.5      .066
    22.66     -.111     156.0      .225     289.3      .030     422.7     -.013
    22.79      .159     156.1      .187     289.5     -.090     422.8      .083
    22.92      .541     156.3     -.165     289.6      .092     422.9    -.0051
    23.05      .095     156.4      .367     289.7      .307     423.0     .0058
    23.18     -.051     156.5      .058     289.8      .019     423.2     -.013
    23.31      .180     156.6     -.186     290.0     -.113     423.3     -.321
    23.44     -.138     156.8      .403     290.1     -.126     423.4     -.092
    23.57     -.296     156.9      .231     290.2     -.103     423.6     -.147
    23.70     -.033     157.0     -.192     290.4     -.539     423.7     -.015
    23.83     -.129     157.2      .399     290.5      .099     423.8     -.262
    23.96     -.731     157.3      .206     290.6     -.013     424.0      .029
    24.09     -.246     157.4     -.283     290.8     -.605     424.1      .020
    24.22      .286     157.6     -.242     290.9      .042     424.2      .225
    24.35     -.018     157.7      .222     291.0      .500     424.3      .316
    24.48      .049     157.8     -.018     291.1     -.038     424.5      .040
    24.61      .530     157.9     -.625     291.3     -.185     424.6      .184
    24.74     -.085     158.1      .545     291.4      .106     424.7     -.153
    24.87     -.055     158.2      .257     291.5      .232     424.9     -.179
    25.00      .449     158.3     -.454     291.7      .131     425.0      .222
    25.13      .026     158.5      .508     291.8     -.315     425.1     -.111
    25.26     -.230     158.6      .388     291.9      .324     425.3    -.0032
    25.39     .0063     158.7     -.303     292.1     -.137     425.4     -.034
    25.52      .054     158.9    -.0090     292.2     -.503     425.5      .161
    25.65     -.416     159.0      .641     292.3     -.373     425.7    -.0065
    25.78      .068     159.1      .152     292.4      .109     425.8     -.292
    25.91     -.234     159.2     -.252     292.6     -.190     425.9      .092
    26.04     -.581     159.4      .220     292.7     -.502     426.0     -.104
    26.17      .101     159.5      .039     292.8      .338     426.2     -.237
    26.30      .395     159.6     -.429     293.0      .497     426.3     -.126
    26.43     -.358     159.8     -.217     293.1     -.214     426.4      .200
    26.56      .241     159.9      .151     293.2      .076     426.6      .079
    26.69      .469     160.0     -.150     293.4      .173     426.7     -.109
    26.82     -.304     160.2     -.154     293.5     -.132     426.8      .428
    26.95     -.134     160.3      .395     293.6     -.224     427.0      .124
    27.08      .586     160.4     -.167     293.8      .206     427.1     -.168
    27.21     -.313     160.5      .502     293.9     -.118     427.2      .172
    27.34     -.610     160.7      .090     294.0     -.504     427.3      .059
    27.47      .286     160.8     -.349     294.1     .0008     427.5     -.155
    27.60      .245     160.9      .449     294.3     -.096     427.6     .0028
    27.73     -.674     161.1      .059     294.4     -.219     427.7     .0074
    27.86     -.093     161.2     -.246     294.5      .082     427.9     -.424
    27.99      .435     161.3     -.292     294.7      .109     428.0      .013
    28.13     -.631     161.5      .151     294.8     -.136     428.1     -.068
    28.26     -.200     161.6     -.101     294.9      .297     428.3     -.231
    28.39      .832     161.7     -.498     295.1      .511     428.4      .054
    28.52     -.227     161.8      .177     295.2     -.152     428.5      .149
    28.65     -.437     162.0      .409     295.3     -.190     428.6     -.113
    28.78      .379     162.1     -.265     295.4      .392     428.8      .076
    28.91      .040     162.2     -.217     295.6     -.314     428.9      .232
    29.04     -.355     162.4      .321     295.7     -.027     429.0     -.113
    29.17      .121     162.5      .201     295.8      .222     429.2     -.214
    29.30      .169     162.6     -.485     296.0     -.019     429.3      .231
    29.43     -.325     162.8      .090     296.1     -.183     429.4     -.191
    29.56      .127     162.9     -.293     296.2     -.118     429.6     -.284
    29.69      .223     163.0     -.027     296.4      .206     429.7      .014
    29.82     -.207     163.2      .391     296.5     -.135     429.8      .069
    29.95     -.257     163.3     -.225     296.6     -.137     429.9      .159
    30.08     -.056     163.4      .101     296.7      .234     430.1     -.483
    30.21     -.208     163.5      .321     296.9     -.105     430.2      .180
    30.34     -.341     163.7     -.259     297.0      .241     430.3      .150
    30.47      .426     163.8      .143     297.1      .019     430.5     -.363
    30.60     -.240     163.9      .158     297.3      .225     430.6     -.055
    30.73     -.372     164.1     -.115     297.4      .054     430.7      .515
    30.86      .358     164.2     -.314     297.5      .015     430.9     -.344
    30.99      .159     164.3      .082     297.7      .084     431.0     -.324
    31.12     -.368     164.5      .233     297.8      .060     431.1      .221
    31.25      .441     164.6     -.538     297.9      .280     431.3      .234
    31.38      .038     164.7     -.240     298.0    -.0042     431.4     -.501
    31.51     -.042     164.8      .517     298.2     -.129     431.5     -.094
    31.64     -.127     165.0     -.378     298.3      .275     431.6      .321
    31.77      .297     165.1     -.170     298.4     -.314     431.8      .120
    31.90      .031     165.2      .651     298.6     -.335     431.9     -.327
    32.03     -.503     165.4      .062     298.7     -.045     432.0      .231
    32.16     -.045     165.5     -.473     298.8     -.048     432.2     -.019
    32.29      .068     165.6      .249     299.0     -.046     432.3     -.369
    32.42     -.124     165.8      .401     299.1      .142     432.4    -.0069
    32.55     .0055     165.9     -.618     299.2      .566     432.6     -.074
    32.68      .176     166.0      .034     299.3      .129     432.7      .087
    32.81     -.194     166.1      .113     299.5      .079     432.8      .125
    32.94      .278     166.3     -.523     299.6      .142     432.9     -.011
    33.07      .260     166.4      .081     299.7      .085     433.1      .051
    33.20      .010     166.5      .152     299.9     -.185     433.2      .417
    33.33     -.166     166.7     -.087     300.0     -.301     433.3     -.204
    33.46      .222     166.8      .118     300.1      .156     433.5     -.312
    33.59     -.171     166.9      .076     300.3     -.099     433.6      .100
    33.72      .065     167.1     -.144     300.4     -.235     433.7     .0018
    33.85      .073     167.2     -.146     300.5      .240     433.9     -.249
    33.98      .052     167.3      .182     300.7     -.092     434.0      .018
    34.11     -.306     167.4     -.252     300.8      .293     434.1      .071
    34.24      .132     167.6     -.386     300.9     -.275     434.2     -.147
    34.38      .229     167.7      .157     301.0      .064     434.4     -.447
    34.51     -.175     167.8      .123     301.2      .588     434.5      .158
    34.64      .238     168.0     -.238     301.3      .021     434.6      .171
    34.77      .301     168.1     -.298     301.4     -.146     434.8     -.478
    34.90     -.184     168.2      .288     301.6      .321     434.9      .317
    35.03      .094     168.4     -.294     301.7      .393     435.0      .423
    35.16      .326     168.5     -.043     301.8     -.415     435.2     -.158
    35.29     -.073     168.6      .703     302.0     -.246     435.3      .231
    35.42     -.248     168.8     -.252     302.1      .398     435.4      .058
    35.55      .142     168.9     -.086     302.2     -.375     435.5     -.132
    35.68      .111     169.0      .200     302.3     -.247     435.7     -.113
    35.81     -.218     169.1     -.126     302.5      .250     435.8     -.021
    35.94      .230     169.3     -.275     302.6     -.173     435.9      .043
    36.07      .127     169.4     -.233     302.7     -.305     436.1     -.171
    36.20     -.166     169.5      .182     302.9     -.124     436.2    -.0020
    36.33      .034     169.7     -.375     303.0      .082     436.3     -.047
    36.46      .296     169.8      .157     303.1     -.326     436.5      .126
    36.59     -.569     169.9      .272     303.3      .517     436.6     -.043
    36.72      .421     170.1     -.199     303.4    -.0088     436.7      .096
    36.85      .119     170.2     -.053     303.5     -.138     436.8     .0012
    36.98     -.502     170.3     -.235     303.6      .385     437.0      .347
    37.11      .615     170.4     -.163     303.8      .183     437.1      .138
    37.24      .326     170.6      .368     303.9     -.335     437.2      .024
    37.37     -.415     170.7      .344     304.0      .046     437.4      .175
    37.50      .330     170.8     -.294     304.2      .050     437.5      .046
    37.63      .510     171.0     -.011     304.3     -.048     437.6     -.206
    37.76     -.012     171.1      .434     304.4     -.454     437.8     -.188
    37.89     -.013     171.2     -.257     304.6      .358     437.9      .342
    38.02      .368     171.4     -.377     304.7      .167     438.0     -.167
    38.15     -.134     171.5      .047     304.8     -.533     438.2      .041
    38.28     -.376     171.6     -.082     304.9      .067     438.3      .015
    38.41     -.094     171.7     -.620     305.1      .384     438.4      .145
    38.54     -.056     171.9      .156     305.2     -.415     438.5      .157
    38.67     -.035     172.0      .340     305.3     -.131     438.7     -.145
    38.80    -.0057     172.1     -.698     305.5      .561     438.8      .272
    38.93      .449     172.3     -.074     305.6     -.264     438.9      .022
    39.06     -.036     172.4      .202     305.7     -.160     439.1      .036
    39.19      .372     172.5     -.172     305.9      .383     439.2      .160
    39.32      .110     172.7      .161     306.0      .212     439.3      .378
    39.45     -.107     172.8      .522     306.1     -.454     439.5      .030
    39.58      .115     172.9     -.067     306.3      .272     439.6     -.132
    39.71      .082     173.0      .115     306.4      .210     439.7      .199
    39.84     -.171     173.2      .372     306.5     -.165     439.8     -.130
    39.97      .170     173.3      .029     306.6      .056     440.0      .230
    40.10      .274     173.4     -.611     306.8      .388     440.1     -.366
    40.23     -.230     173.6     -.043     306.9     -.170     440.2     -.120
    40.36     -.405     173.7     -.174     307.0     -.063     440.4      .143
    40.49      .301     173.8     -.482     307.2     -.086     440.5     -.043
    40.63     -.038     174.0     -.155     307.3     -.117     440.6     -.086
    40.76     -.386     174.1      .224     307.4     -.291     440.8      .209
    40.89     -.045     174.2     -.384     307.6      .052     440.9      .392
    41.02      .408     174.3     -.246     307.7     -.213     441.0     -.024
    41.15     -.133     174.5      .819     307.8     -.235     441.1      .095
    41.28     -.210     174.6     -.201     307.9      .393     441.3      .685
    41.41      .369     174.7      .143     308.1      .165     441.4      .142
    41.54     -.138     174.9      .594     308.2     -.353     441.5     -.254
    41.67     -.245     175.0      .151     308.3      .171     441.7    -.0048
    41.80      .044     175.1     -.345     308.5      .246     441.8      .416
    41.93      .046     175.3      .334     308.6     -.249     441.9     -.426
    42.06      .039     175.4      .333     308.7      .187     442.1     -.104
    42.19     -.158     175.5     -.622     308.9      .185     442.2      .232
    42.32     -.076     175.7     -.270     309.0     -.179     442.3     -.259
    42.45      .070     175.8      .486     309.1     -.479     442.4     -.083
    42.58     -.097     175.9     -.525     309.2     -.019     442.6      .374
    42.71    -.0068     176.0     -.153     309.4     -.134     442.7      .057
    42.84     -.182     176.2      .104     309.5     -.320     442.8     -.149
    42.97      .204     176.3      .014     309.6     -.212     443.0     -.114
    43.10     -.103     176.4     -.206     309.8      .282     443.1      .181
    43.23     .0072     176.6      .367     309.9     -.226     443.2      .039
    43.36      .159     176.7      .025     310.0      .138     443.4     -.187
    43.49      .150     176.8     -.017     310.2      .278     443.5      .255
    43.62     -.482     177.0      .547     310.3     -.177     443.6     -.278
    43.75      .069     177.1     -.074     310.4      .077     443.8     -.140
    43.88      .212     177.2      .055     310.5     -.039     443.9      .391
    44.01     -.341     177.3      .443     310.7     -.085     444.0      .084
    44.14      .087     177.5      .012     310.8      .274     444.1     -.516
    44.27      .115     177.6     -.365     310.9     -.162     444.3      .466
    44.40     -.223     177.7      .391     311.1     -.346     444.4    -.0068
    44.53      .206     177.9      .325     311.2      .027     444.5     -.261
    44.66      .026     178.0     -.162     311.3      .137     444.7      .128
    44.79     -.067     178.1     -.050     311.5     -.442     444.8      .308
    44.92     -.261     178.3      .353     311.6     -.210     444.9     -.485
    45.05     -.024     178.4     -.422     311.7      .429     445.1     -.296
    45.18      .047     178.5     -.261     311.8     -.183     445.2      .313
    45.31    -.0098     178.6      .187     312.0     -.473     445.3      .012
    45.44      .170     178.8     -.096     312.1      .235     445.4     -.513
    45.57     -.059     178.9     -.319     312.2      .265     445.6      .777
    45.70     -.105     179.0      .241     312.4     -.857     445.7      .069
    45.83     -.316     179.2      .525     312.5      .256     445.8     -.449
    45.96      .683     179.3      .028     312.6      .552     446.0      .440
    46.09     -.555     179.4      .491     312.8     -.049     446.1     -.099
    46.22     -.370     179.6      .225     312.9     -.100     446.2     -.521
    46.35      .594     179.7      .043     313.0      .339     446.4     -.215
    46.48     -.147     179.8      .091     313.2      .151     446.5      .366
    46.61     -.321     179.9      .134     313.3     -.100     446.6     -.171
    46.74      .679     180.1      .062     313.4      .069     446.7     -.051
    46.88      .096     180.2     -.263     313.5     -.162     446.9      .148
    47.01     -.510     180.3      .023     313.7     -.202     447.0     -.010
    47.14     -.169     180.5     -.439     313.8     -.231     447.1     .0001
    47.27      .538     180.6     -.361     313.9    -.0048     447.3      .139
    47.40     -.515     180.7      .508     314.1     -.184     447.4     -.013
    47.53     -.197     180.9     -.424     314.2     -.487     447.5      .115
    47.66      .233     181.0     -.170     314.3      .436     447.7     -.073
    47.79     -.301     181.1      .443     314.5     -.501     447.8      .438
    47.92     -.251     181.3      .666     314.6      .024     447.9     -.238
    48.05      .384     181.4     -.376     314.7      .551     448.0     -.014
    48.18      .063     181.5      .242     314.8     -.164     448.2     -.169
    48.31     -.271     181.6      .723     315.0      .202     448.3     -.302
    48.44      .221     181.8     -.314     315.1      .415     448.4    -.0054
    48.57      .241     181.9     -.404     315.2      .123     448.6    -.0077
    48.70    -.0064     182.0      .385     315.4     .0067     448.7      .031
    48.83     -.033     182.2      .023     315.5      .276     448.8      .089
    48.96      .235     182.3     -.788     315.6      .137     449.0      .112
    49.09     -.480     182.4      .013     315.8     -.645     449.1      .159
    49.22     -.022     182.6      .205     315.9     -.011     449.2     -.181
    49.35     -.066     182.7     -.372     316.0      .211     449.3      .126
    49.48      .064     182.8     -.116     316.1     -.187     449.5     -.199
    49.61     -.425     182.9      .213     316.3     -.179     449.6     -.094
    49.74      .420     183.1     -.162     316.4     -.027     449.7      .039
    49.87     -.195     183.2      .060     316.5      .433     449.9     -.061
    50.00      .195     183.3      .174     316.7     -.399     450.0      .164
    50.13      .202     183.5     -.039     316.8      .170     450.1     -.153
    50.26     -.156     183.6      .071     316.9      .239     450.3      .138
    50.39     -.075     183.7      .323     317.1     -.249     450.4     -.198
    50.52     -.145     183.9     -.183     317.2      .152     450.5      .013
    50.65      .322     184.0      .056     317.3      .095     450.7      .140
    50.78     -.141     184.1      .099     317.4      .382     450.8     -.382
    50.91     -.479     184.2     -.266     317.6      .207     450.9      .293
    51.04      .220     184.4     -.142     317.7      .058     451.0      .189
    51.17     -.318     184.5      .069     317.8      .322     451.2     -.472
    51.30     -.371     184.6     -.399     318.0      .103     451.3      .108
    51.43      .316     184.8     -.022     318.1      .147     451.4      .271
    51.56     -.156     184.9      .074     318.2     -.366     451.6     -.332
    51.69      .035     185.0      .083     318.4      .121     451.7     -.469
    51.82     -.110     185.2     -.391     318.5     -.124     451.8      .519
    51.95      .477     185.3      .355     318.6     -.462     452.0      .140
    52.08     -.025     185.4      .157     318.8      .316     452.1     -.622
    52.21      .066     185.5      .029     318.9     -.267     452.2      .256
    52.34     -.114     185.7      .064     319.0      .175     452.3      .107
    52.47     -.256     185.8      .098     319.1     -.254     452.5     -.454
    52.60    -.0070     185.9     -.132     319.3      .253     452.6     -.382
    52.73     -.132     186.1     -.289     319.4      .433     452.7      .421
    52.86     -.292     186.2      .173     319.5      .454     452.9     .0057
    52.99      .049     186.3     -.357     319.7      .149     453.0     -.494
    53.13      .068     186.5     -.123     319.8      .093     453.1      .489
    53.26      .119     186.6      .570     319.9      .354     453.3      .157
    53.39     -.178     186.7     -.215     320.1     .0087     453.4     -.139
    53.52      .291     186.8     -.090     320.2     -.162     453.5      .202
    53.65     -.136     187.0      .693     320.3      .103     453.6      .026
    53.78     -.335     187.1     -.145     320.4      .117     453.8     -.283
    53.91      .051     187.2     -.276     320.6     -.303     453.9     -.039
    54.04      .152     187.4      .013     320.7     -.314     454.0      .073
    54.17     -.169     187.5      .181     320.8      .279     454.2     -.372
    54.30     -.091     187.6     -.453     321.0      .053     454.3     -.253
    54.43      .313     187.8      .211     321.1     -.630     454.4     -.108
    54.56     -.203     187.9      .065     321.2      .172     454.6     -.073
    54.69      .278     188.0     -.479     321.4      .748     454.7     -.331
    54.82      .105     188.2      .072     321.5      .060     454.8      .215
    54.95      .027     188.3      .212     321.6     -.439     454.9      .112
    55.08     -.080     188.4     -.023     321.7      .966     455.1     -.132
    55.21      .170     188.5      .015     321.9      .288     455.2      .313
    55.34      .135     188.7      .158     322.0     -.820     455.3      .327
    55.47     -.342     188.8      .472     322.1      .403     455.5     -.250
    55.60     -.114     188.9     -.332     322.3      .340     455.6      .104
    55.73     -.079     189.1      .178     322.4     -.768     455.7      .190
    55.86     -.410     189.2     -.072     322.5      .019     455.9     -.423
    55.99      .118     189.3     -.253     322.7      .322     456.0     -.339
    56.12      .317     189.5      .221     322.8     -.329     456.1      .354
    56.25     -.169     189.6     -.290     322.9     -.162     456.3     -.303
    56.38      .290     189.7      .042     323.0     -.179     456.4     -.266
    56.51      .403     189.8     -.090     323.2     -.147     456.5      .288
    56.64     -.346     190.0     -.019     323.3      .022     456.6     -.057
    56.77      .232     190.1    -.0038     323.4     -.020     456.8      .080
    56.90      .430     190.2      .108     323.6      .250     456.9     -.219
    57.03     -.256     190.4      .109     323.7      .112     457.0      .455
    57.16     -.323     190.5     -.324     323.8      .110     457.2     -.198
    57.29      .476     190.6     -.057     324.0      .358     457.3     -.033
    57.42      .142     190.8      .316     324.1     -.322     457.4      .107
    57.55     -.305     190.9     -.012     324.2      .328     457.6      .196
    57.68      .088     191.0     -.260     324.3      .126     457.7     -.117
    57.81      .343     191.1     -.109     324.5     -.294     457.8      .141
    57.94     -.458     191.3      .362     324.6      .381     457.9      .022
    58.07      .122     191.4     -.619     324.7     -.022     458.1      .109
    58.20      .569     191.5     -.028     324.9     -.145     458.2      .174
    58.33     -.021     191.7      .415     325.0     -.367     458.3      .325
    58.46     -.075     191.8     -.282     325.1     -.248     458.5     -.309
    58.59      .231     191.9     -.223     325.3      .057     458.6      .283
    58.72      .102     192.1      .188     325.4     -.443     458.7     -.013
    58.85      .163     192.2      .017     325.5      .099     458.9     -.307
    58.98      .102     192.3     -.077     325.7      .278     459.0     .0031
    59.11      .174     192.4     -.079     325.8      .018     459.1      .033
    59.24     -.108     192.6     -.131     325.9      .118     459.2     .0057
    59.38      .195     192.7     -.028     326.0      .265     459.4     -.217
    59.51     -.158     192.8      .150     326.2      .281     459.5      .383
    59.64     -.238     193.0      .155     326.3     -.273     459.6      .393
    59.77     -.028     193.1     -.448     326.4      .104     459.8      .029
    59.90     -.328     193.2      .441     326.6      .259     459.9     -.092
    60.03     -.236     193.4      .122     326.7     -.246     460.0      .272
    60.16      .232     193.5     -.653     326.8     -.189     460.2     -.044
    60.29      .450     193.6      .490     327.0     -.264     460.3    -.0030
    60.42     -.134     193.8     -.032     327.1      .015     460.4      .021
    60.55      .176     193.9     -.617     327.2     -.210     460.5      .097
    60.68      .678     194.0      .091     327.3     -.227     460.7      .203
    60.81      .063     194.1      .177     327.5      .133     460.8     -.192
    60.94     -.252     194.3     -.051     327.6      .106     460.9     -.123
    61.07      .366     194.4     -.286     327.7    -.0017     461.1      .298
    61.20      .021     194.5      .220     327.9     -.155     461.2     -.453
    61.33     -.464     194.7      .126     328.0      .437     461.3     -.393
    61.46     -.272     194.8     -.245     328.1     -.056     461.5      .425
    61.59      .232     194.9      .601     328.3     -.140     461.6      .405
    61.72     -.235     195.1      .115     328.4      .420     461.7     -.371
    61.85     -.412     195.2     -.155     328.5     -.155     461.8      .189
    61.98     -.032     195.3      .272     328.6     -.236     462.0      .697
    62.11      .204     195.4      .063     328.8      .051     462.1     -.343
    62.24    -.0071     195.6     -.084     328.9      .130     462.2     -.091
    62.37      .110     195.7     -.364     329.0     -.270     462.4      .456
    62.50      .195     195.8      .175     329.2     -.119     462.5     -.211
    62.63      .215     196.0     -.318     329.3      .030     462.6     -.432
    62.76     -.089     196.1     -.143     329.4     -.500     462.8      .455
    62.89     .0077     196.2      .401     329.6      .168     462.9      .040
    63.02     -.134     196.4     -.050     329.7      .106     463.0     -.461
    63.15     -.246     196.5      .246     329.8     -.259     463.2     -.065
    63.28     -.074     196.6      .055     329.9      .113     463.3    -.0087
    63.41     -.275     196.7      .052     330.1      .354     463.4     -.282
    63.54      .213     196.9     -.144     330.2     -.028     463.5      .100
    63.67      .032     197.0      .481     330.3      .017     463.7      .131
    63.80     -.223     197.1      .223     330.5      .446     463.8     -.056
    63.93      .118     197.3     -.534     330.6     -.134     463.9     5.9-5
    64.06     -.131     197.4      .345     330.7     -.575     464.1      .116
    64.19     -.151     197.5      .381     330.9      .168     464.2      .213
    64.32      .205     197.7     -.458     331.0      .113     464.3     -.287
    64.45     -.165     197.8      .051     331.1     -.592     464.5      .449
    64.58      .111     197.9      .221     331.3     -.433     464.6     -.156
    64.71    -.0061     198.0     -.068     331.4      .543     464.7     -.534
    64.84     -.134     198.2     -.272     331.5     -.464     464.8      .560
    64.97     -.185     198.3      .670     331.6     -.547     465.0     -.024
    65.10      .026     198.4      .132     331.8      .674     465.1     -.359
    65.23    -.0088     198.6     -.343     331.9      .236     465.2     -.291
    65.36     -.129     198.7      .155     332.0     -.509     465.4      .299
    65.49      .315     198.8      .252     332.2      .388     465.5     -.352
    65.63      .158     199.0     -.180     332.3      .601     465.6     -.366
    65.76     -.083     199.1      .196     332.4     -.432     465.8      .676
    65.89     -.166     199.2      .268     332.6     -.029     465.9     -.194
    66.02     -.102     199.3      .108     332.7      .347     466.0     -.358
    66.15     -.368     199.5     -.169     332.8     -.342     466.1      .362
    66.28     -.425     199.6      .507     332.9     -.221     466.3      .183
    66.41      .317     199.7     -.094     333.1      .242     466.4     -.245
    66.54     -.101     199.9     -.319     333.2     -.153     466.5     -.312
    66.67     -.302     200.0      .178     333.3     -.259     466.7      .462
    66.80      .325     200.1     -.348     333.5      .063     466.8     -.152
    66.93      .154     200.3     -.180     333.6     .0001     466.9    -.0087
    67.06      .029     200.4      .169     333.7     -.469     467.1      .271
    67.19     -.167     200.5      .111     333.9      .205     467.2     -.088
    67.32     .0091     200.7     -.669     334.0      .012     467.3     -.040
    67.45      .138     200.8      .103     334.1     -.526     467.4     -.282
    67.58      .017     200.9      .517     334.2      .176     467.6      .097
    67.71      .083     201.0     -.267     334.4      .224     467.7      .076
    67.84     .0083     201.2     -.075     334.5     -.050     467.8      .030
    67.97     -.082     201.3      .863     334.6    -.0055     468.0      .052
    68.10     -.188     201.4      .010     334.8      .275     468.1     -.167
    68.23     -.185     201.6     -.073     334.9     -.056     468.2      .163
    68.36      .142     201.7      .259     335.0     -.010     468.4     -.139
    68.49     -.201     201.8      .273     335.2      .070     468.5     -.054
    68.62      .125     202.0     -.774     335.3      .019     468.6     -.027
    68.75     -.153     202.1     -.386     335.4     -.164     468.8     -.233
    68.88     -.110     202.2      .189     335.5     -.304     468.9      .271
    69.01      .359     202.3     -.447     335.7      .101     469.0     -.024
    69.14     -.239     202.5     -.305     335.8     -.209     469.1     -.083
    69.27     .0018     202.6      .247     335.9     -.364     469.3     .0077
    69.40      .076     202.7     -.126     336.1      .134     469.4     -.070
    69.53     -.047     202.9      .101     336.2     -.114     469.5    -.0019
    69.66      .215     203.0      .358     336.3      .102     469.7      .056
    69.79      .111     203.1     -.141     336.5      .326     469.8     -.097
    69.92      .125     203.3      .167     336.6      .220     469.9      .011
    70.05     -.221     203.4      .131     336.7      .329     470.1      .245
    70.18      .114     203.5      .080     336.8      .220     470.2      .071
    70.31      .065     203.6      .022     337.0     -.351     470.3     -.021
    70.44     -.132     203.8      .351     337.1      .176     470.4      .017
    70.57     -.150     203.9     -.235     337.2      .223     470.6     -.218
    70.70     -.129     204.0     -.208     337.4     -.530     470.7      .145
    70.83      .127     204.2      .164     337.5     -.411     470.8     -.401
    70.96     -.403     204.3     -.308     337.6      .449     471.0     -.154
    71.09      .236     204.4     -.441     337.8     -.191     471.1      .300
    71.22      .018     204.6      .124     337.9     -.380     471.2     -.235
    71.35     -.179     204.7     -.296     338.0      .391     471.4     -.183
    71.48     -.186     204.8     -.197     338.2      .178     471.5     -.022
    71.61      .195     204.9      .161     338.3     -.078     471.6      .436
    71.74      .263     205.1      .288     338.4      .131     471.7     -.303
    71.88     -.094     205.2     -.152     338.5      .605     471.9     -.483
    72.01     -.124     205.3     -.032     338.7     -.210     472.0      .539
    72.14      .168     205.5      .515     338.8     -.177     472.1      .032
    72.27      .234     205.6      .105     338.9      .652     472.3     -.450
    72.40     -.093     205.7     .0085     339.1     -.297     472.4      .456
    72.53     -.111     205.9      .598     339.2     -.298     472.5      .153
    72.66      .254     206.0     -.210     339.3      .567     472.7     -.458
    72.79     -.116     206.1     -.271     339.5     -.271     472.8     -.173
    72.92     -.124     206.3      .076     339.6     -.109     472.9      .278
    73.05      .091     206.4     -.361     339.7      .431     473.0     -.345
    73.18      .120     206.5     -.563     339.8      .246     473.2     -.198
    73.31      .080     206.6      .168     340.0     -.552     473.3      .103
    73.44     -.550     206.8     -.040     340.1      .316     473.4     -.178
    73.57     .0095     206.9     -.428     340.2      .040     473.6    -.0074
    73.70      .086     207.0      .305     340.4     -.264     473.7      .092
    73.83     -.088     207.2      .346     340.5      .243     473.8      .143
    73.96     -.187     207.3     -.144     340.6      .243     474.0     -.205
    74.09      .103     207.4     -.185     340.8     -.218     474.1      .137
    74.22      .075     207.6      .532     340.9     -.329     474.2      .271
    74.35      .240     207.7    -.0029     341.0      .724     474.3     -.080
    74.48      .029     207.8     -.200     341.1      .023     474.5      .033
    74.61      .278     207.9      .375     341.3     -.473     474.6     -.026
    74.74     -.155     208.1     -.100     341.4      .650     474.7     -.152
    74.87      .167     208.2     -.682     341.5      .413     474.9     -.053
    75.00      .023     208.3      .067     341.7     -.712     475.0     -.289
    75.13      .336     208.5     -.132     341.8      .295     475.1      .108
    75.26      .046     208.6     -.302     341.9      .514     475.3     -.449
    75.39     -.373     208.7     -.174     342.1     -.607     475.4      .230
    75.52      .160     208.9      .301     342.2     -.716     475.5      .119
    75.65     -.155     209.0     -.398     342.3      .666     475.7     -.193
    75.78     -.281     209.1      .017     342.4     -.185     475.8      .093
    75.91     -.246     209.2      .118     342.6     -.493     475.9      .256
    76.04      .244     209.4     -.235     342.7      .324     476.0     -.121
    76.17     -.067     209.5     -.260     342.8      .303     476.2     -.330
    76.30     -.139     209.6    -.0047     343.0     -.356     476.3      .653
    76.43      .468     209.8      .043     343.1      .268     476.4     -.078
    76.56      .444     209.9     -.010     343.2      .234     476.6     -.180
    76.69     -.205     210.0      .217     343.4     -.416     476.7      .410
    76.82      .026     210.2      .087     343.5      .093     476.8      .136
    76.95      .407     210.3     -.254     343.6      .378     477.0     -.193
    77.08      .093     210.4      .145     343.8     -.245     477.1      .012
    77.21     -.097     210.5      .300     343.9      .157     477.2      .038
    77.34      .316     210.7     -.564     344.0      .120     477.3     -.184
    77.47      .044     210.8     -.170     344.1     -.188     477.5     -.162
    77.60     -.063     210.9      .317     344.3     -.322     477.6      .021
    77.73      .044     211.1     -.540     344.4      .265     477.7     -.289
    77.86     .0004     211.2     -.333     344.5     -.125     477.9      .352
    77.99      .011     211.3      .253     344.7     -.149     478.0      .039
    78.13     -.117     211.5     -.377     344.8      .249     478.1      .194
    78.26      .031     211.6     -.223     344.9     -.115     478.3      .117
    78.39      .178     211.7     -.180     345.1     .0019     478.4      .187
    78.52      .324     211.8      .458     345.2     -.197     478.5      .274
    78.65     -.085     212.0      .020     345.3      .180     478.6      .091
    78.78      .021     212.1     -.243     345.4     -.249     478.8      .280
    78.91    -.0057     212.2      .405     345.6     -.391     478.9     -.194
    79.04      .299     212.4      .295     345.7      .369     479.0     -.077
    79.17     -.189     212.5     -.206     345.8      .181     479.2      .080
    79.30      .103     212.6      .018     346.0     -.098     479.3     -.077
    79.43      .208     212.8     .0014     346.1      .120     479.4     -.167
    79.56      .198     212.9    -.0085     346.2      .072     479.6     .0077
    79.69     -.180     213.0     -.209     346.4      .024     479.7      .154
    79.82      .339     213.2     -.132     346.5     -.143     479.8      .234
    79.95     -.065     213.3     -.164     346.6     -.082     479.9     -.258
    80.08     -.452     213.4      .137     346.7     -.102     480.1      .405
    80.21     -.201     213.5     -.182     346.9     -.060     480.2     -.313
    80.34      .369     213.7     -.139     347.0     -.316     480.3      .231
    80.47     -.180     213.8      .251     347.1     .0054     480.5     -.108
    80.60     -.301     213.9     -.256     347.3      .344     480.6      .066
    80.73      .345     214.1      .193     347.4     -.151     480.7      .145
    80.86     -.121     214.2     -.049     347.5     -.167     480.9     -.128
    80.99     -.124     214.3      .098     347.7      .237     481.0     -.227
    81.12      .067     214.5      .011     347.8      .269     481.1      .109
    81.25      .293     214.6      .066     347.9     -.189     481.3      .248
    81.38      .113     214.7      .152     348.0     -.044     481.4     -.269
    81.51     -.172     214.8      .055     348.2      .211     481.5     -.165
    81.64      .145     215.0     -.139     348.3     -.291     481.6      .739
    81.77      .368     215.1      .045     348.4     -.450     481.8      .129
    81.90     -.211     215.2      .107     348.6      .428     481.9     -.359
    82.03     -.376     215.4      .153     348.7     -.209     482.0      .384
    82.16     -.211     215.5     -.267     348.8     -.237     482.2      .238
    82.29      .091     215.6    -.0031     349.0      .090     482.3     -.573
    82.42     -.221     215.8     -.015     349.1      .412     482.4     -.178
    82.55     -.159     215.9      .105     349.2     -.420     482.6      .466
    82.68      .258     216.0     -.194     349.3      .249     482.7     -.226
    82.81      .091     216.1     .0072     349.5      .197     482.8      .042
    82.94     -.036     216.3      .218     349.6     -.195     482.9      .103
    83.07     -.035     216.4     -.165     349.7      .183     483.1      .260
    83.20      .099     216.5     -.039     349.9      .066     483.2     -.096
    83.33      .031     216.7      .414     350.0     -.460     483.3      .097
    83.46     -.197     216.8     -.035     350.1      .072     483.5      .163
    83.59      .162     216.9     -.459     350.3      .016     483.6     -.172
    83.72     -.072     217.1      .299     350.4     -.560     483.7    -.0027
    83.85      .142     217.2      .162     350.5      .169     483.9     -.016
    83.98     -.134     217.3      .038     350.7      .196     484.0      .013
    84.11      .019     217.4     -.026     350.8     -.094     484.1     -.031
    84.24     -.012     217.6      .438     350.9     -.183     484.2     -.201
    84.38     -.182     217.7     -.084     351.0      .698     484.4     -.169
    84.51      .076     217.8      .011     351.2      .344     484.5     -.108
    84.64      .112     218.0      .163     351.3     -.630     484.6      .500
    84.77      .084     218.1      .011     351.4      .367     484.8     -.265
    84.90     -.310     218.2    -.0040     351.6      .255     484.9      .063
    85.03      .138     218.4     -.419     351.7     -.644     485.0      .516
    85.16      .164     218.5      .207     351.8     -.079     485.2     -.332
    85.29     -.199     218.6      .268     352.0      .440     485.3      .078
    85.42     -.028     218.8     -.119     352.1     -.227     485.4      .125
    85.55      .319     218.9     -.115     352.2     -.502     485.5     -.288
    85.68     -.233     219.0      .122     352.3      .305     485.7     -.206
    85.81      .074     219.1      .238     352.5     -.188     485.8     -.182
    85.94      .199     219.3      .069     352.6     -.365     485.9      .046
    86.07     -.025     219.4      .227     352.7      .019     486.1      .083
    86.20     -.208     219.5      .092     352.9     -.027     486.2     -.016
    86.33      .078     219.7     -.103     353.0      .073     486.3     -.075
    86.46     -.397     219.8      .169     353.1      .289     486.5      .260
    86.59      .052     219.9     -.069     353.3      .222     486.6      .044
    86.72     -.017     220.1     -.028     353.4      .283     486.7     -.022
    86.85      .082     220.2     -.107     353.5      .087     486.8    -.0054
    86.98      .095     220.3     -.425     353.6      .349     487.0     -.079
    87.11     -.015     220.4      .179     353.8     -.310     487.1      .281
    87.24      .187     220.6      .392     353.9    -.0024     487.2     -.237
    87.37     -.048     220.7     -.218     354.0     -.062     487.4      .150
    87.50     -.097     220.8    -.0038     354.2     -.482     487.5      .075
    87.63      .068     221.0      .243     354.3     -.248     487.6     -.426
    87.76     -.322     221.1      .131     354.4     -.156     487.8     -.314
    87.89     -.073     221.2     -.171     354.6     -.246     487.9      .408
    88.02      .097     221.4      .135     354.7     -.334     488.0     -.250
    88.15     -.091     221.5      .470     354.8      .188     488.2     -.143
    88.28     -.056     221.6     -.136     354.9      .152     488.3      .246
    88.41     -.360     221.7     -.172     355.1     .0067     488.4      .076
    88.54      .187     221.9      .200     355.2      .178     488.5     -.031
    88.67     -.394     222.0      .163     355.3      .434     488.7      .062
    88.80      .148     222.1     -.126     355.5      .122     488.8      .065
    88.93      .067     222.3     -.557     355.6      .130     488.9     -.221
    89.06      .102     222.4      .189     355.7     .0058     489.1     -.198
    89.19      .327     222.5      .245     355.9      .207     489.2      .293
    89.32      .018     222.7     -.303     356.0     -.483     489.3      .263
    89.45      .145     222.8      .060     356.1     -.131     489.5     -.473
    89.58     .0075     222.9      .335     356.3     -.272     489.6      .098
    89.71     -.652     223.0      .196     356.4     -.114     489.7     -.051
    89.84      .103     223.2     -.437     356.5     -.052     489.8     .0085
    89.97     -.247     223.3      .242     356.6     -.390     490.0     -.142
    90.10     -.109     223.4      .229     356.8      .372     490.1      .073
    90.23     -.235     223.6     -.373     356.9      .377     490.2     -.115
    90.36     -.198     223.7     -.041     357.0     -.398     490.4    -.0014
    90.49      .249     223.8      .202     357.2      .252     490.5     -.203
    90.63     -.469     224.0     -.121     357.3      .517     490.6      .076
    90.76     -.033     224.1     -.110     357.4      .139     490.8      .105
    90.89      .086     224.2      .030     357.6     -.075     490.9     -.217
    91.02      .049     224.3      .084     357.7      .386     491.0     -.221
    91.15     -.249     224.5     -.391     357.8      .217     491.1      .038
    91.28      .252     224.6      .181     357.9     -.258     491.3      .513
    91.41      .173     224.7      .227     358.1      .201     491.4     -.157
    91.54     -.144     224.9     -.093     358.2      .075     491.5     -.174
    91.67     -.320     225.0     -.102     358.3     -.058     491.7      .075
    91.80      .167     225.1      .168     358.5     -.211     491.8      .057
    91.93     -.042     225.3     .0065     358.6      .240     491.9     -.544
    92.06    -.0009     225.4     -.206     358.7     -.120     492.1      .221
    92.19     -.290     225.5      .147     358.9     -.064     492.2     -.284
    92.32      .172     225.7      .092     359.0      .075     492.3     -.232
    92.45     -.150     225.8     -.105     359.1     -.076     492.4     -.391
    92.58     -.396     225.9      .362     359.2     -.226     492.6      .184
    92.71      .254     226.0     -.012     359.4      .460     492.7      .054
    92.84     -.145     226.2     -.086     359.5      .340     492.8     -.401
    92.97    -.0034     226.3     -.050     359.6     -.077     493.0     -.020
    93.10      .106     226.4     -.162     359.8      .439     493.1      .139
    93.23      .019     226.6     -.234     359.9      .547     493.2      .124
    93.36      .389     226.7     -.034     360.0     -.287     493.4      .126
    93.49     -.120     226.8      .344     360.2      .239     493.5      .027
    93.62      .282     227.0     -.316     360.3      .255     493.6      .332
    93.75     -.029     227.1      .011     360.4     -.500     493.8     -.083
    93.88     -.187     227.2      .392     360.5     -.174     493.9     -.159
    94.01      .347     227.3     -.132     360.7      .243     494.0      .111
    94.14     -.184     227.5      .062     360.8      .011     494.1     -.224
    94.27      .078     227.6      .159     360.9     -.712     494.3     -.104
    94.40     -.311     227.7     -.103     361.1      .386     494.4     -.560
    94.53     -.507     227.9     -.035     361.2      .239     494.5      .025
    94.66      .123     228.0      .074     361.3     -.375     494.7     -.043
    94.79      .177     228.1     -.182     361.5      .344     494.8     -.452
    94.92     -.121     228.3     -.307     361.6      .665     494.9     -.070
    95.05     -.041     228.4     -.095     361.7      .177     495.1      .109
    95.18      .411     228.5     -.451     361.8     -.203     495.2    -.0071
    95.31      .185     228.6     -.153     362.0      .475     495.3      .286
    95.44      .134     228.8      .141     362.1      .032     495.4      .454
    95.57      .236     228.9     -.089     362.2     -.441     495.6      .191
    95.70      .210     229.0      .148     362.4     -.121     495.7      .199
    95.83      .016     229.2      .351     362.5     -.067     495.8      .059
    95.96     -.127     229.3      .402     362.6     -.126     496.0      .106
    96.09      .237     229.4     -.026     362.8     -.092     496.1     -.094
    96.22      .177     229.6      .026     362.9     -.146     496.2     -.430
    96.35     -.442     229.7     -.048     363.0      .178     496.4     -.193
    96.48     -.290     229.8     -.198     363.2     -.235     496.5     -.285
    96.61      .302     229.9     -.172     363.3      .111     496.6     -.099
    96.74      .068     230.1      .194     363.4     -.089     496.7      .013
    96.88     -.248     230.2     -.151     363.5      .189     496.9     -.169
    97.01      .104     230.3     -.333     363.7      .198     497.0      .066
    97.14      .408     230.5      .082     363.8     -.068     497.1      .357
    97.27     -.229     230.6      .063     363.9      .182     497.3     -.216
    97.40      .217     230.7     -.336     364.1      .101     497.4      .326
    97.53      .177     230.9      .178     364.2      .273     497.5      .535
    97.66      .095     231.0     -.085     364.3     -.268     497.7      .103
    97.79     -.023     231.1      .151     364.5     -.136     497.8     -.062
    97.92     -.123     231.3      .130     364.6     -.019     497.9      .565
    98.05      .336     231.4      .060     364.7     -.207     498.0     .0044
    98.18      .044     231.5      .290     364.8      .107     498.2     -.226
    98.31     -.142     231.6     -.136     365.0     -.242     498.3    -.0089
    98.44     -.168     231.8     -.078     365.1     -.140     498.4     -.061
    98.57      .142     231.9     -.149     365.2     -.083     498.6     -.216
    98.70      .021     232.0     -.083     365.4      .016     498.7     -.218
    98.83     -.141     232.2      .197     365.5      .033     498.8      .072
    98.96     -.155     232.3     -.081     365.6     -.075     499.0     -.119
    99.09      .248     232.4     -.231     365.8      .136     499.1     -.287
    99.22     -.399     232.6      .057     365.9     -.095     499.2      .247
    99.35     -.068     232.7      .024     366.0      .140     499.3      .077
    99.48      .631     232.8     -.495     366.1      .335     499.5     -.212
    99.61     -.053     232.9     -.095     366.3     -.235     499.6      .464
    99.74     -.360     233.1      .307     366.4      .068     499.7      .115
    99.87      .648     233.2     -.425     366.5      .127     499.9      .028
    100.0     -.056     233.3      .135     366.7     -.404     500.0      .670
    100.1     -.060     233.5      .356     366.8     -.114     500.1      .173
    100.3     -.060     233.6     -.021     366.9      .372     500.3     -.283
    100.4     -.075     233.7      .095     367.1     -.506     500.4      .457
    100.5     -.184     233.9      .178     367.2     -.291     500.5     -.177
    100.7     -.027     234.0      .137     367.3      .352     500.7     -.345
    100.8      .111     234.1     -.169     367.4      .075     500.8      .040
    100.9     -.153     234.2      .045     367.6     -.229     500.9      .404
    101.0      .108     234.4      .273     367.7      .270     501.0     -.615
    101.2      .169     234.5     -.396     367.8      .052     501.2     -.576
    101.3     -.470     234.6     -.180     368.0     -.192     501.3      .674
    101.4      .375     234.8     -.204     368.1      .199     501.4     -.135
    101.6      .314     234.9      .031     368.2      .581     501.6     -.456
    101.7     -.305     235.0     -.284     368.4     -.291     501.7      .625
    101.8    -.0002     235.2      .026     368.5     -.411     501.8      .418
    102.0      .162     235.3      .542     368.6      .222     502.0     -.044
    102.1      .161     235.4     -.084     368.8     -.209     502.1      .313
    102.2     -.754     235.5      .456     368.9     -.474     502.2      .436
    102.3      .123     235.7      .194     369.0      .284     502.3     -.095
    102.5     .0038     235.8    -.0002     369.1     -.020     502.5     -.355
    102.6     -.349     235.9     -.011     369.3     -.310     502.6      .224
    102.7      .088     236.1      .038     369.4      .577     502.7     -.293
    102.9      .338     236.2     -.368     369.5      .310     502.9      .177
    103.0      .103     236.3      .136     369.7     -.337     503.0     -.152
    103.1     -.251     236.5      .125     369.8     -.062     503.1     -.150
    103.3      .176     236.6     -.114     369.9      .279     503.3     -.060
    103.4      .155     236.7     -.465     370.1     -.209     503.4     -.105
    103.5     -.444     236.8      .518     370.2      .044     503.5     -.058
    103.6      .330     237.0      .059     370.3      .217     503.6     -.240
    103.8     -.052     237.1     -.435     370.4     -.179     503.8      .261
    103.9     -.418     237.2      .225     370.6     -.710     503.9     -.016
    104.0      .139     237.4      .465     370.7      .145     504.0     -.092
    104.2    -.0087     237.5     -.091     370.8     .0045     504.2      .429
    104.3     -.216     237.6    -.0042     371.0     -.539     504.3      .112
    104.4     -.034     237.8      .517     371.1      .141     504.4      .033
    104.6      .197     237.9     -.046     371.2      .465     504.6      .126
    104.7     -.155     238.0     -.432     371.4     -.156     504.7      .255
    104.8      .319     238.2      .419     371.5     -.034     504.8      .084
    104.9      .203     238.3      .024     371.6      .675     504.9     -.168
    105.1     -.121     238.4     -.020     371.7     -.309     505.1      .336
    105.2     .0077     238.5     .0081     371.9     -.512     505.2     -.412
    105.3      .213     238.7      .319     372.0      .347     505.3     -.244
    105.5     -.142     238.8      .141     372.1     -.143     505.5     -.293
    105.6     -.033     238.9     -.155     372.3     -.159     505.6     -.130
    105.7     -.030     239.1      .166     372.4      .151     505.7     -.240
    105.9     -.069     239.2      .085     372.5     -.279     505.9     -.175
    106.0     -.433     239.3     -.159     372.7     -.079     506.0      .337
    106.1      .362     239.5    -.0021     372.8     -.211     506.1     .0094
    106.3     -.235     239.6      .014     372.9     -.159     506.3      .382
    106.4     -.025     239.7      .212     373.0     -.512     506.4      .460
    106.5     -.180     239.8    -.0057     373.2      .051     506.5    -.0081
    106.6      .140     240.0     -.127     373.3      .078     506.6      .273
    106.8      .037     240.1      .204     373.4     -.100     506.8      .161
    106.9     -.029     240.2      .023     373.6      .224     506.9     -.178
    107.0      .487     240.4     -.040     373.7      .403     507.0     -.097
    107.2     -.268     240.5      .058     373.8     -.042     507.2      .123
    107.3     -.226     240.6      .158     374.0      .067     507.3     -.633
    107.4      .257     240.8      .078     374.1      .137     507.4     -.581
    107.6     -.110     240.9     -.084     374.2     -.176     507.6      .417
    107.7     -.024     241.0     -.056     374.3     -.130     507.7     -.572
    107.8     -.036     241.1      .080     374.5     -.205     507.8     -.340
    107.9      .128     241.3     -.097     374.6     -.314     507.9      .576
    108.1     -.053     241.4     -.384     374.7     -.053     508.1     -.012
    108.2     -.087     241.5      .188     374.9     -.379     508.2     -.054
    108.3      .122     241.7      .600     375.0     -.199     508.3      .408
    108.5     -.338     241.8     -.348     375.1      .030     508.5      .341
    108.6     -.304     241.9      .228     375.3     -.435     508.6     -.157
    108.7      .018     242.1      .037     375.4      .356     508.7     -.161
    108.9      .168     242.2      .204     375.5      .052     508.9      .598
    109.0     -.309     242.3     -.281     375.7      .361     509.0     -.183
    109.1      .245     242.4     -.444     375.8      .311     509.1     -.247
    109.2      .240     242.6      .349     375.9     -.090     509.2      .178
    109.4     -.369     242.7     -.315     376.0      .190     509.4     -.179
    109.5      .157     242.8     -.066     376.2      .024     509.5     -.325
    109.6      .399     243.0      .244     376.3     -.108     509.6      .180
    109.8     -.377     243.1      .441     376.4     -.054     509.8     -.093
    109.9      .070     243.2     -.136     376.6     .0035     509.9     -.396
    110.0      .190     243.4     -.307     376.7     -.074     510.0      .066
    110.2     -.235     243.5      .334     376.8     -.362     510.2      .126
    110.3      .094     243.6     -.047     377.0      .540     510.3     -.144
    110.4      .041     243.8     -.147     377.1     -.095     510.4      .132
    110.5     -.260     243.9      .281     377.2     -.368     510.5      .216
    110.7      .106     244.0     -.173     377.3     -.180     510.7     -.037
    110.8     -.212     244.1      .030     377.5      .493     510.8     -.301
    110.9     -.169     244.3     -.134     377.6     -.117     510.9      .680
    111.1      .068     244.4      .461     377.7     -.110     511.1     -.195
    111.2      .034     244.5     -.419     377.9      .749     511.2     -.492
    111.3     -.246     244.7     -.126     378.0     -.291     511.3      .303
    111.5     -.133     244.8     -.097     378.1     -.036     511.5      .228
    111.6      .292     244.9     -.370     378.3      .343     511.6     -.618
    111.7     -.037     245.1      .112     378.4      .024     511.7     -.056
    111.8     -.266     245.2      .130     378.5     -.164     511.8      .457
    112.0      .129     245.3     -.381     378.6      .259     512.0     -.519
    112.1      .280     245.4      .158     378.8      .136     512.1     -.478
    112.2     -.132     245.6      .147     378.9     -.119     512.2      .515
    112.4      .038     245.7      .118     379.0     .0017     512.4     .0028
    112.5      .233     245.8      .017     379.2     -.121     512.5     -.383
    112.6     -.303     246.0      .245     379.3     -.524     512.6      .301
    112.8     -.273     246.1      .026     379.4     -.049     512.8      .173
    112.9     -.071     246.2      .032     379.6     -.126     512.9     -.157
    113.0     -.122     246.4      .245     379.7      .019     513.0      .048
    113.2     -.062     246.5     -.571     379.8    -.0092     513.2      .136
    113.3     -.082     246.6      .093     379.9      .565     513.3     -.295
    113.4      .139     246.7     -.643     380.1     -.027     513.4      .097
    113.5      .114     246.9     -.133     380.2      .078     513.5     -.084
    113.7      .054     247.0      .081     380.3      .589     513.7     -.125
    113.8      .344     247.1     -.097     380.5      .207     513.8      .093
    113.9     -.073     247.3      .038     380.6     -.202     513.9     -.021
    114.1     -.102     247.4     -.017     380.7      .190     514.1     -.351
    114.2      .311     247.5     -.029     380.9      .581     514.2     -.088
    114.3     -.187     247.7      .268     381.0     -.462     514.3      .476
    114.5      .352     247.8     -.136     381.1     -.160     514.5     -.270
    114.6     -.117     247.9      .306     381.3      .120     514.6     -.066
    114.7     -.286     248.0      .080     381.4     -.261     514.7      .367
    114.8     -.075     248.2    -.0082     381.5     -.760     514.8    -.0020
    115.0      .101     248.3      .121     381.6      .063     515.0     -.256
    115.1     -.141     248.4     -.094     381.8      .386     515.1      .064
    115.2     -.167     248.6     -.214     381.9     -.079     515.2      .173
    115.4      .378     248.7     -.602     382.0      .062     515.4     -.430
    115.5      .060     248.8     -.099     382.2      .690     515.5      .014
    115.6     -.147     249.0     -.074     382.3     -.085     515.6      .501
    115.8      .280     249.1     -.291     382.4      .317     515.8     -.207
    115.9      .212     249.2     -.034     382.6     -.038     515.9      .068
    116.0     -.367     249.3      .427     382.7     -.125     516.0      .176
    116.1     .0048     249.5     -.258     382.8      .021     516.1     -.215
    116.3      .550     249.6      .049     382.9     -.216     516.3     -.222
    116.4      .214     249.7      .229     383.1     -.307     516.4      .395
    116.5      .119     249.9      .212     383.2     -.073     516.5     -.230
    116.7      .221     250.0     -.434     383.3      .267     516.7     -.116
    116.8      .156     250.1      .176     383.5     -.438     516.8      .300
    116.9     -.106     250.3      .394     383.6     -.142     516.9    -.0067
    117.1     -.108     250.4     -.291     383.7      .391     517.1     -.121
    117.2     .0034     250.5     -.205     383.9     -.076     517.2      .431
    117.3     -.325     250.7      .214     384.0     -.072     517.3     -.186
    117.4      .163     250.8     -.270     384.1      .195     517.4     -.593
    117.6     -.092     250.9     -.060     384.2      .127     517.6      .264
    117.7      .305     251.0     -.337     384.4     -.079     517.7      .618
    117.8      .276     251.2      .066     384.5     -.025     517.8     -.823
    118.0     -.220     251.3      .114     384.6      .359     518.0     -.127
    118.1     -.012     251.4     -.226     384.8     -.371     518.1      .692
    118.2    -.0070     251.6     -.191     384.9     -.039     518.2     -.337
    118.4      .265     251.7      .280     385.0      .081     518.4     -.469
    118.5      .118     251.8      .113     385.2      .023     518.5      .686
    118.6    -.0018     252.0     -.453     385.3     -.334     518.6      .177
    118.8      .120     252.1      .088     385.4      .132     518.8     -.271
    118.9      .161     252.2      .284     385.5     -.152     518.9      .411
    119.0     -.368     252.3     -.017     385.7     -.179     519.0      .334
    119.1      .081     252.5     -.056     385.8      .251     519.1      .015
    119.3      .249     252.6      .524     385.9      .067     519.3     -.225
    119.4     -.483     252.7     -.021     386.1     -.146     519.4      .161
    119.5     -.069     252.9     -.269     386.2      .190     519.5     -.098
    119.7      .741     253.0     -.144     386.3      .254     519.7     -.195
    119.8     -.183     253.1      .037     386.5     -.118     519.8      .101
    119.9      .144     253.3     -.541     386.6      .045     519.9     -.033
    120.1      .196     253.4     -.111     386.7     .0059     520.1     -.094
    120.2     -.240     253.5     -.333     386.8     -.193     520.2      .234
    120.3     -.014     253.6     -.045     387.0     -.245     520.3     -.142
    120.4     -.070     253.8      .072     387.1      .479     520.4      .078
    120.6     -.045     253.9     -.166     387.2     -.402     520.6      .499
    120.7      .107     254.0      .178     387.4     -.309     520.7     -.227
    120.8     -.027     254.2     -.038     387.5      .119     520.8      .089
    121.0     -.131     254.3      .132     387.6      .071     521.0      .387
    121.1      .274     254.4      .438     387.8     -.098     521.1      .255
    121.2      .274     254.6     -.142     387.9      .263     521.2     -.356
    121.4     -.381     254.7      .471     388.0      .071     521.4     -.108
    121.5     -.037     254.8     -.047     388.2      .034     521.5      .675
    121.6      .424     254.9     -.353     388.3      .052     521.6     -.534
    121.7      .056     255.1      .133     388.4      .175     521.7     -.332
    121.9      .022     255.2     -.146     388.5     -.059     521.9      .631
    122.0     -.055     255.3     -.204     388.7      .295     522.0     -.040
    122.1      .249     255.5     -.313     388.8     -.372     522.1     -.295
    122.3     -.641     255.6      .355     388.9      .140     522.3      .078
    122.4     -.069     255.7     -.196     389.1     -.166     522.4      .416
    122.5      .184     255.9     -.145     389.2    -.0015     522.5     -.307
    122.7     -.213     256.0      .470     389.3     -.076     522.7     -.095
    122.8      .263     256.1     -.179     389.5     -.286     522.8      .213
    122.9    -.0087     256.3     -.256     389.6      .447     522.9     -.071
    123.0      .185     256.4      .117     389.7     -.270     523.0      .139
    123.2      .305     256.5      .541     389.8      .146     523.2      .088
    123.3     -.066     256.6     -.180     390.0      .187     523.3     -.358
    123.4     -.211     256.8     -.239     390.1     -.112     523.4      .608
    123.6     -.347     256.9      .501     390.2     -.223     523.6     -.087
    123.7      .222     257.0     -.180     390.4      .055     523.7     -.310
    123.8     -.036     257.2     -.142     390.5      .328     523.8      .296
    124.0     -.177     257.3      .103     390.6     -.274     524.0      .274
    124.1      .126     257.4      .108     390.8     -.339     524.1     -.540
    124.2     -.146     257.6     -.258     390.9      .507     524.2     -.088
    124.3     -.016     257.7      .022     391.0     -.446     524.3      .270
    124.5     -.069     257.8     -.097     391.1      .104     524.5     -.414
    124.6     -.071     257.9      .116     391.3     -.258     524.6     -.082
    124.7      .025     258.1     -.075     391.4      .124     524.7      .056
    124.9     -.288     258.2     -.072     391.5     -.227     524.9      .056
    125.0      .247     258.3      .155     391.7     -.278     525.0     -.159
    125.1      .151     258.5      .109     391.8      .399     525.1      .149
    125.3     -.131     258.6      .517     391.9     -.359     525.3      .548
    125.4     -.023     258.7      .063     392.1     -.245     525.4     -.295
    125.5     -.084     258.9      .215     392.2      .029     525.5     -.236
    125.7      .043     259.0      .049     392.3     -.054     525.7      .202
    125.8     -.354     259.1     -.217     392.4      .183     525.8     -.064
    125.9      .270     259.2     -.106     392.6      .207     525.9     -.168
    126.0     -.199     259.4     -.054     392.7      .109     526.0      .130
    126.2     .0006     259.5     -.070     392.8      .058     526.2     -.045
    126.3      .219     259.6     -.401     393.0      .128     526.3     -.289
    126.4     -.195     259.8      .209     393.1     -.171     526.4      .037
    126.6      .236     259.9      .678     393.2     -.233     526.6      .137
    126.7     -.479     260.0     -.341     393.4      .203     526.7      .011
    126.8     -.340     260.2      .404     393.5     -.533     526.8     -.019
    127.0      .070     260.3      .370     393.6     -.286     527.0     -.047
    127.1     -.119     260.4     -.143     393.8      .071     527.1      .055
    127.2      .035     260.5     -.107     393.9      .111     527.2      .103
    127.3      .014     260.7     .0014     394.0     -.185     527.3      .154
    127.5      .104     260.8      .030     394.1     -.214     527.5     -.196
    127.6     -.218     260.9     -.440     394.3      .149     527.6     -.341
    127.7      .089     261.1     -.094     394.4     -.053     527.7      .143
    127.9      .073     261.2    -.0021     394.5      .139     527.9     -.273
    128.0     -.066     261.3      .179     394.7      .295     528.0     -.178
    128.1      .023     261.5      .220     394.8     -.136     528.1      .196
    128.3      .121     261.6     -.158     394.9      .295     528.3     .0090
    128.4      .123     261.7      .101     395.1     -.135     528.4     -.041
    128.5     -.099     261.8      .395     395.2      .364     528.5      .175
    128.6      .039     262.0      .152     395.3      .057     528.6      .272
    128.8     -.521     262.1     -.260     395.4     -.201     528.8     -.136
    128.9     -.312     262.2      .139     395.6      .112     528.9     -.046
    129.0      .040     262.4      .035     395.7     -.119     529.0     -.364
    129.2     -.079     262.5     -.561     395.8      .026     529.2     -.145
    129.3      .260     262.6     -.016     396.0     -.285     529.3     -.056
    129.4      .097     262.8      .224     396.1     -.073     529.4     -.057
    129.6      .071     262.9     -.291     396.2      .041     529.6     -.293
    129.7     -.083     263.0     -.211     396.4     -.301     529.7      .075
    129.8      .013     263.2      .191     396.5      .058     529.8      .131
    129.9      .077     263.3      .205     396.6      .287     529.9     -.214
    130.1     -.433     263.4      .153     396.7      .244     530.1      .029
    130.2      .050     263.5      .143     396.9     -.084     530.2      .328
    130.3      .104     263.7      .110     397.0      .118     530.3     -.434
    130.5     -.169     263.8      .158     397.1      .461     530.5      .052
    130.6      .044     263.9      .064     397.3     -.042     530.6      .438
    130.7     -.156     264.1      .095     397.4      .123     530.7      .019
    130.9      .058     264.2     -.217     397.5      .146     530.9     -.487
    131.0     -.359     264.3     -.489     397.7      .101     531.0      .279
    131.1     -.141     264.5      .078     397.8     .0050     531.1      .106
    131.3      .605     264.6     -.016     397.9      .025     531.3     -.681
    131.4      .027     264.7     -.130     398.0     -.012     531.4      .214
    131.5     -.244     264.8     -.020     398.2     -.077     531.5      .084
    131.6      .197     265.0     -.132     398.3     -.082     531.6     -.301
    131.8      .169     265.1     -.130     398.4     .0060     531.8     -.526
    131.9     -.578     265.2      .158     398.6      .034     531.9      .426
    132.0     -.197     265.4      .045     398.7      .364     532.0     -.148
    132.2      .221     265.5     -.143     398.8      .090     532.2     -.514
    132.3     -.434     265.6      .131     399.0      .181     532.3      .219
    132.4      .395     265.8      .063     399.1      .360     532.4      .038
    132.6     -.013     265.9     -.077     399.2      .543     532.6     -.337
    132.7      .391     266.0      .319     399.3     -.497     532.7      .372
    132.8     -.081     266.1      .242     399.5      .016     532.8      .144
    132.9     -.236     266.3     -.269     399.6      .341     532.9    -.0013
    133.1      .187     266.4     -.109     399.7     -.382     533.1      .020
    133.2     -.291     266.5      .223     399.9     -.230     533.2      .316
