                               Waveform Amplitudes                              
                               *******************                              
       Equipment:	Motor Compressor OAH-06_A
       Meas. Point:  CH-06-A   -NAA  -->  Motor Outboard Axial
       Date/Time:  16-Oct-24 12:12:21   Amplitude:  Acceleration in G-s
   
 Time (mS) Amplitude Time (mS) Amplitude Time (mS) Amplitude Time (mS) Amplitude
 --------- --------- --------- --------- --------- --------- --------- ---------
       0.     -.175     133.3      .199     266.7     -.288     400.0     -.257
     .130     -.252     133.5     -.328     266.8     -.052     400.1     -.182
     .260      .184     133.6     -.218     266.9     -.095     400.3      .217
     .391     -.344     133.7     -.161     267.1     -.392     400.4     -.065
     .521     -.503     133.9     -.237     267.2     -.041     400.5      .131
     .651      .461     134.0     -.312     267.3      .351     400.7     -.067
     .781     -.290     134.1     -.054     267.4     -.339     400.8     -.168
     .911     -.204     134.2      .123     267.6     -.250     400.9      .044
    1.042      .381     134.4      .037     267.7      .465     401.0      .271
    1.172     -.027     134.5      .280     267.8      .044     401.2     -.090
    1.302     -.206     134.6      .299     268.0     -.109     401.3    -.0019
    1.432      .415     134.8      .099     268.1      .177     401.4      .211
    1.563     -.034     134.9      .145     268.2      .289     401.6     -.183
    1.693    -.0013     135.0      .423     268.4     -.202     401.7     -.124
    1.823     -.115     135.2     -.089     268.5     -.111     401.8      .231
    1.953      .331     135.3      .012     268.6      .683     402.0      .118
    2.083     .0051     135.4      .260     268.8     -.281     402.1     -.319
    2.214     -.229     135.5     -.075     268.9     -.333     402.2     -.139
    2.344      .276     135.7     -.574     269.0      .155     402.3      .339
    2.474     -.110     135.8     -.155     269.1     -.170     402.5     -.173
    2.604     -.146     135.9     -.151     269.3     -.551     402.6     -.211
    2.734     -.030     136.1     -.437     269.4     -.207     402.7      .060
    2.865      .120     136.2     -.145     269.5      .047     402.9      .112
    2.995     -.239     136.3      .333     269.7     -.512     403.0      .019
    3.125      .083     136.5     -.097     269.8      .288     403.1     -.050
    3.255     -.322     136.6      .083     269.9      .291     403.3      .286
    3.385      .087     136.7      .446     270.1     .0074     403.4     -.223
    3.516      .117     136.8      .331     270.2      .252     403.5      .181
    3.646      .147     137.0     -.265     270.3      .225     403.6    -.0080
    3.776     -.022     137.1      .024     270.4      .165     403.8    -.0042
    3.906      .159     137.2      .393     270.6     -.089     403.9      .296
    4.036      .094     137.4      .057     270.7      .287     404.0     -.040
    4.167     -.011     137.5     -.317     270.8     -.076     404.2     -.074
    4.297     -.029     137.6      .207     271.0     -.340     404.3      .083
    4.427     -.022     137.8     -.076     271.1      .175     404.4      .200
    4.557     -.059     137.9     -.219     271.2     -.241     404.6     -.039
    4.688     -.097     138.0     -.064     271.4     -.524     404.7     -.288
    4.818     -.060     138.2      .296     271.5     -.091     404.8      .274
    4.948      .146     138.3     -.034     271.6     -.202     404.9     -.175
    5.078     -.211     138.4     -.383     271.7     -.375     405.1     -.159
    5.208      .024     138.5      .114     271.9      .013     405.2      .221
    5.339     -.029     138.7      .268     272.0      .361     405.3     -.013
    5.469     -.029     138.8     -.173     272.1     -.035     405.5     -.368
    5.599      .095     138.9     -.303     272.3     -.016     405.6      .283
    5.729      .084     139.1      .271     272.4      .558     405.7      .127
    5.859      .098     139.2     -.026     272.5     -.115     405.9      .134
    5.990      .044     139.3      .071     272.7      .181     406.0     -.021
    6.120     -.080     139.5      .168     272.8      .169     406.1      .111
    6.250      .014     139.6      .289     272.9      .048     406.3     -.124
    6.380      .080     139.7     -.231     273.0     -.224     406.4    -.0066
    6.510     -.173     139.8      .313     273.2      .235     406.5      .274
    6.641     -.212     140.0      .272     273.3      .165     406.6     -.219
    6.771     .0097     140.1     -.278     273.4     -.493     406.8      .057
    6.901      .093     140.2     -.093     273.6    -.0004     406.9      .073
    7.031      .064     140.4      .295     273.7     -.195     407.0     -.178
    7.161     -.121     140.5     -.384     273.8     -.641     407.2     -.334
    7.292      .092     140.6     -.306     274.0      .153     407.3     -.087
    7.422      .150     140.8      .172     274.1     -.220     407.4      .124
    7.552     -.319     140.9     -.128     274.2     -.193     407.6     -.737
    7.682      .135     141.0     -.235     274.3      .108     407.7      .400
    7.813      .117     141.1      .200     274.5      .483     407.8      .318
    7.943     -.041     141.3      .187     274.6      .122     407.9     -.411
    8.073     -.263     141.4     -.135     274.7     -.071     408.1      .104
    8.203      .269     141.5      .343     274.9      .591     408.2      .361
    8.333      .078     141.7      .209     275.0      .027     408.3      .048
    8.464     -.215     141.8     -.074     275.1     -.255     408.5     -.235
    8.594     -.146     141.9      .084     275.3      .683     408.6      .595
    8.724      .089     142.1      .414     275.4      .370     408.7      .112
    8.854     -.036     142.2     -.313     275.5     -.480     408.9     -.467
    8.984     -.145     142.3     -.228     275.7     -.104     409.0      .235
    9.115      .051     142.4      .256     275.8      .148     409.1      .035
    9.245      .175     142.6     -.173     275.9     -.689     409.2     -.418
    9.375     -.039     142.7     -.538     276.0     -.110     409.4     -.420
    9.505     -.139     142.8      .301     276.2      .132     409.5     -.028
    9.635      .148     143.0     -.170     276.3     -.559     409.6     -.431
    9.766     .0018     143.1     -.393     276.4      .138     409.8     -.191
    9.896      .142     143.2     -.132     276.6      .224     409.9      .605
    10.03     -.145     143.4      .303     276.7     -.197     410.0     -.229
    10.16     -.070     143.5     -.155     276.8     .0004     410.2     -.097
    10.29      .039     143.6      .021     277.0      .482     410.3      .665
    10.42      .123     143.8      .564     277.1     -.111     410.4     -.027
    10.55     -.422     143.9     -.122     277.2     -.256     410.5      .162
    10.68      .150     144.0      .011     277.3      .692     410.7      .415
    10.81     -.194     144.1      .568     277.5      .212     410.8      .023
    10.94     -.067     144.3      .013     277.6     -.502     410.9     -.132
    11.07     -.018     144.4     -.307     277.7      .178     411.1      .093
    11.20      .136     144.5    -.0053     277.9      .332     411.2     -.052
    11.33     -.179     144.7      .051     278.0     -.585     411.3     -.495
    11.46      .128     144.8     -.601     278.1     -.152     411.5     -.264
    11.59      .157     144.9     -.062     278.3      .683     411.6     -.096
    11.72      .247     145.1      .145     278.4     -.723     411.7     -.428
    11.85      .013     145.2     -.596     278.5     -.272     411.8     -.056
    11.98      .230     145.3     -.251     278.6      .515     412.0      .107
    12.11      .099     145.4      .364     278.8     -.147     412.1      .105
    12.24      .048     145.6      .099     278.9     -.661     412.2     -.277
    12.37      .177     145.7     -.442     279.0      .359     412.4      .543
    12.50     -.142     145.8      .623     279.2      .287     412.5      .207
    12.63     -.051     146.0      .282     279.3     -.491     412.6      .216
    12.76     -.382     146.1     -.313     279.4      .401     412.8      .405
    12.89     -.070     146.2      .384     279.6      .602     412.9      .355
    13.02     -.055     146.4      .298     279.7     -.503     413.0     -.036
    13.15     -.031     146.5     -.375     279.8      .181     413.2     -.127
    13.28     -.276     146.6     -.203     279.9      .679     413.3      .352
    13.41      .189     146.7      .333     280.1     -.254     413.4     -.203
    13.54      .229     146.9     -.208     280.2     -.336     413.5     -.445
    13.67      .052     147.0     -.214     280.3      .216     413.7     -.166
    13.80      .231     147.1      .032     280.5     -.105     413.8     -.315
    13.93      .267     147.3      .051     280.6     -.862     413.9     -.280
    14.06      .166     147.4     -.099     280.7      .415     414.1     -.117
    14.19      .069     147.5     -.147     280.9     -.094     414.2     -.102
    14.32     .0003     147.7      .088     281.0     -.678     414.3      .013
    14.45      .394     147.8     -.103     281.1      .218     414.5      .176
    14.58     -.368     147.9      .027     281.3      .231     414.6      .619
    14.71     -.198     148.0      .104     281.4     -.462     414.7      .057
    14.84     -.021     148.2     -.139     281.5      .332     414.8      .297
    14.97     -.232     148.3      .310     281.6      .586     415.0      .382
    15.10      .101     148.4      .199     281.8     -.129     415.1      .193
    15.23     -.021     148.6     -.027     281.9     -.045     415.2      .101
    15.36    -.0084     148.7      .062     282.0      .916     415.4      .185
    15.49     -.150     148.8      .235     282.2     -.221     415.5      .082
    15.63      .357     149.0      .020     282.3     -.286     415.6     -.438
    15.76      .013     149.1     -.359     282.4      .306     415.8     -.179
    15.89     -.022     149.2      .074     282.6      .223     415.9     -.129
    16.02      .308     149.3      .014     282.7     -.541     416.0     -.259
    16.15      .183     149.5     -.450     282.8     -.072     416.1     -.384
    16.28     -.233     149.6      .306     282.9      .368     416.3     -.124
    16.41      .498     149.7     -.363     283.1     -.809     416.4      .292
    16.54      .315     149.9     -.131     283.2     -.372     416.5     -.024
    16.67     -.395     150.0     -.017     283.3      .359     416.7      .235
    16.80     -.033     150.1      .108     283.5     -.206     416.8      .318
    16.93      .419     150.3     -.060     283.6     -.307     416.9      .103
    17.06     -.333     150.4     .0050     283.7      .820     417.1      .127
    17.19     -.327     150.5      .288     283.9      .118     417.2    -.0082
    17.32     .0058     150.7     -.155     284.0     -.070     417.3      .692
    17.45     -.050     150.8     .0050     284.1      .794     417.4     -.163
    17.58     -.509     150.9      .271     284.2      .258     417.6     -.191
    17.71      .097     151.0     -.038     284.4     -.334     417.7      .277
    17.84      .512     151.2     -.163     284.5      .295     417.8     -.091
    17.97     -.326     151.3     -.080     284.6      .304     418.0     -.083
    18.10        0.     151.4     -.072     284.8     -.586     418.1     -.081
    18.23      .576     151.6     -.172     284.9     -.072     418.2     -.076
    18.36      .159     151.7      .034     285.0      .294     418.4     -.148
    18.49      .054     151.8      .036     285.2     -.693     418.5     -.085
    18.62      .205     152.0     -.421     285.3     -.516     418.6      .051
    18.75      .027     152.1      .241     285.4      .365     418.8     -.076
    18.88     -.165     152.2      .061     285.5     -.142     418.9     -.153
    19.01     -.133     152.3     -.171     285.7     -.402     419.0      .040
    19.14     -.244     152.5      .291     285.8      .507     419.1      .524
    19.27     -.419     152.6      .181     285.9      .057     419.3      .024
    19.40     -.139     152.7     -.378     286.1     -.093     419.4      .041
    19.53      .058     152.9      .050     286.2      .525     419.5      .602
    19.66     -.033     153.0      .330     286.3      .137     419.7     -.360
    19.79      .062     153.1     -.181     286.5     -.067     419.8     .0091
    19.92     -.063     153.3     -.467     286.6      .228     419.9      .375
    20.05      .238     153.4      .202     286.7      .380     420.1     -.451
    20.18     -.120     153.5     -.054     286.8     -.075     420.2     -.312
    20.31      .020     153.6     -.343     287.0      .130     420.3      .101
    20.44      .321     153.8      .232     287.1      .090     420.4     -.075
    20.57     -.018     153.9      .060     287.2     -.543     420.6     -.307
    20.70      .146     154.0     -.042     287.4     -.246     420.7     -.055
    20.83     -.155     154.2      .142     287.5      .292     420.8      .313
    20.96     -.010     154.3      .437     287.6     -.727     421.0     -.428
    21.09      .058     154.4     -.109     287.8     -.478     421.1      .094
    21.22     -.057     154.6      .178     287.9      .293     421.2      .286
    21.35      .120     154.7      .279     288.0      .105     421.4     -.120
    21.48     -.138     154.8     -.075     288.2     -.528     421.5     -.012
    21.61     -.037     154.9     -.293     288.3      .496     421.6      .286
    21.74     -.121     155.1      .406     288.4      .595     421.7     -.114
    21.88     -.063     155.2     -.380     288.5     -.400     421.9     -.377
    22.01     -.188     155.3     -.374     288.7      .322     422.0      .608
    22.14     -.093     155.5      .345     288.8      .518     422.1      .118
    22.27      .102     155.6     -.066     288.9     -.169     422.3     -.452
    22.40     -.200     155.7     -.378     289.1     -.309     422.4      .014
    22.53      .350     155.9      .239     289.2      .350     422.5      .296
    22.66      .217     156.0      .376     289.3     -.023     422.7     -.044
    22.79      .042     156.1     -.055     289.5     -.909     422.8     -.430
    22.92     -.064     156.3      .054     289.6      .253     422.9      .318
    23.05      .221     156.4      .722     289.7     -.014     423.0     -.070
    23.18      .258     156.5     -.045     289.8     -.967     423.2     -.320
    23.31     -.456     156.6     -.043     290.0      .093     423.3      .123
    23.44     -.035     156.8      .359     290.1      .290     423.4      .088
    23.57      .110     156.9      .036     290.2     -.468     423.6     -.256
    23.70     -.116     157.0     -.075     290.4      .216     423.7     -.179
    23.83     -.110     157.2     -.149     290.5      .532     423.8      .453
    23.96     .0080     157.3     -.165     290.6     -.336     424.0     -.115
    24.09     -.080     157.4     -.293     290.8    -.0062     424.1      .044
    24.22     -.047     157.6      .055     290.9      .704     424.2      .234
    24.35     -.141     157.7     -.041     291.0     -.279     424.3     -.106
    24.48    -.0052     157.8      .104     291.1     -.205     424.5      .030
    24.61     -.013     157.9    -.0010     291.3      .189     424.6      .258
    24.74     -.120     158.1      .145     291.4     -.027     424.7      .082
    24.87      .065     158.2     -.062     291.5     -.269     424.9    -.0084
    25.00      .181     158.3      .352     291.7      .131     425.0     -.064
    25.13      .013     158.5      .098     291.8      .030     425.1      .197
    25.26      .322     158.6      .127     291.9     -.354     425.3     -.123
    25.39     -.143     158.7     -.030     292.1     .0085     425.4     -.173
    25.52      .131     158.9      .068     292.2      .248     425.5      .235
    25.65      .116     159.0     -.069     292.3     -.170     425.7      .053
    25.78     -.296     159.1     -.140     292.4     .0064     425.8     -.437
    25.91      .122     159.2     -.148     292.6      .077     425.9      .061
    26.04      .012     159.4     -.279     292.7      .042     426.0      .183
    26.17     -.215     159.5     -.063     292.8     -.179     426.2     -.350
    26.30     -.035     159.6      .035     293.0      .242     426.3     -.088
    26.43     .0013     159.8     -.132     293.1      .318     426.4      .263
    26.56     -.057     159.9     -.137     293.2     -.258     426.6      .078
    26.69     -.330     160.0      .075     293.4      .111     426.7     -.144
    26.82     -.037     160.2     -.098     293.5      .090     426.8      .411
    26.95      .136     160.3     -.035     293.6      .015     427.0      .310
    27.08      .040     160.4      .067     293.8      .112     427.1     -.059
    27.21     -.179     160.5     .0091     293.9     -.189     427.2     -.013
    27.34      .235     160.7      .046     294.0      .010     427.3      .367
    27.47      .232     160.8      .157     294.1      .036     427.5     -.347
    27.60     -.491     160.9     -.040     294.3     -.051     427.6     -.050
    27.73      .153     161.1      .132     294.4      .013     427.7     -.041
    27.86      .225     161.2     -.091     294.5      .185     427.9     -.274
    27.99     -.220     161.3      .200     294.7      .020     428.0     -.466
    28.13     -.187     161.5     -.122     294.8     -.037     428.1      .101
    28.26      .377     161.6     -.068     294.9      .180     428.3     -.296
    28.39      .109     161.7      .235     295.1      .287     428.4     -.171
    28.52     -.210     161.8     -.300     295.2     -.064     428.5      .213
    28.65      .054     162.0     -.247     295.3     -.385     428.6      .100
    28.78      .028     162.1      .019     295.4      .279     428.8    -.0080
    28.91     -.328     162.2     -.234     295.6      .120     428.9      .475
    29.04     -.118     162.4     -.162     295.7     -.484     429.0      .220
    29.17      .095     162.5      .336     295.8      .361     429.2      .010
    29.30     -.359     162.6      .054     296.0     -.041     429.3      .062
    29.43      .069     162.8     -.186     296.1     -.172     429.4      .355
    29.56     -.079     162.9      .370     296.2      .336     429.6     -.307
    29.69     -.175     163.0      .166     296.4      .157     429.7     -.334
    29.82      .058     163.2      .081     296.5     -.075     429.8      .060
    29.95      .126     163.3      .085     296.6      .163     429.9     -.373
    30.08      .093     163.4     -.011     296.7      .198     430.1     -.344
    30.21     -.033     163.5     -.116     296.9     -.063     430.2      .152
    30.34      .158     163.7     -.270     297.0      .119     430.3     -.147
    30.47      .465     163.8      .415     297.1      .278     430.5     -.325
    30.60     .0083     163.9     -.195     297.3     -.365     430.6      .285
    30.73     .0058     164.1     -.366     297.4     -.394     430.7     -.092
    30.86      .252     164.2      .272     297.5      .288     430.9      .145
    30.99     -.381     164.3     -.213     297.7     -.261     431.0     -.066
    31.12     -.449     164.5      .015     297.8     -.233     431.1      .354
    31.25      .063     164.6      .185     297.9      .059     431.3     -.081
    31.38     -.358     164.7     .0044     298.0      .023     431.4      .059
    31.51     -.344     164.8     -.130     298.2     -.135     431.5      .074
    31.64      .067     165.0      .182     298.3      .392     431.6      .072
    31.77      .209     165.1      .219     298.4      .320     431.8     -.239
    31.90     -.377     165.2     -.282     298.6     -.097     431.9     -.155
    32.03      .119     165.4      .085     298.7      .039     432.0      .137
    32.16      .596     165.5      .084     298.8      .266     432.2     -.192
    32.29     -.081     165.6      .137     299.0      .306     432.3     -.030
    32.42     -.147     165.8      .158     299.1     -.482     432.4     -.148
    32.55      .667     165.9      .234     299.2     -.075     432.6     -.322
    32.68      .267     166.0      .099     299.3      .058     432.7    -.0036
    32.81     -.157     166.1     -.062     299.5     -.529     432.8     -.038
    32.94     -.234     166.3      .071     299.6     -.205     432.9     -.243
    33.07      .266     166.4      .012     299.7      .294     433.1      .094
    33.20     -.470     166.5     -.016     299.9     -.252     433.2      .225
    33.33     -.406     166.7     -.103     300.0     -.247     433.3     -.011
    33.46     -.028     166.8     -.214     300.1      .126     433.5      .113
    33.59     -.218     166.9     -.221     300.3      .380     433.6      .295
    33.72     -.350     167.1      .183     300.4     .0072     433.7      .064
    33.85     -.024     167.2      .057     300.5      .184     433.9     -.286
    33.98      .054     167.3     -.108     300.7    -.0034     434.0      .236
    34.11     -.183     167.4      .063     300.8      .163     434.1      .132
    34.24      .344     167.6      .017     300.9     -.102     434.2     -.175
    34.38      .094     167.7      .027     301.0     -.031     434.4     -.014
    34.51      .212     167.8      .034     301.2      .253     434.5     -.077
    34.64      .436     168.0      .226     301.3     -.359     434.6     -.283
    34.77      .396     168.1      .184     301.4     -.128     434.8     -.371
    34.90      .231     168.2     -.370     301.6      .223     434.9      .198
    35.03     -.233     168.4      .292     301.7     -.150     435.0     -.186
    35.16      .144     168.5      .182     301.8     -.216     435.2     -.097
    35.29      .066     168.6     -.320     302.0     -.122     435.3      .259
    35.42     -.593     168.8     -.138     302.1     -.014     435.4     -.289
    35.55     -.047     168.9      .302     302.2     -.302     435.5      .416
    35.68     -.169     169.0     -.301     302.3      .271     435.7      .177
    35.81     -.551     169.1     -.185     302.5      .271     435.8     -.138
    35.94     -.177     169.3      .019     302.6     -.058     435.9     -.145
    36.07      .127     169.4     -.113     302.7      .076     436.1      .387
    36.20     -.176     169.5     -.391     302.9      .260     436.2      .146
    36.33     -.030     169.7      .028     303.0      .279     436.3     -.388
    36.46      .496     169.8      .054     303.1     -.051     436.5      .227
    36.59      .384     169.9     -.063     303.3      .272     436.6      .136
    36.72      .060     170.1      .138     303.4      .064     436.7     -.336
    36.85      .303     170.2      .332     303.5     -.324     436.8     -.023
    36.98      .315     170.3     -.107     303.6     -.097     437.0      .074
    37.11      .157     170.4      .194     303.8      .147     437.1    -.0042
    37.24     -.042     170.6      .347     303.9     -.320     437.2     -.283
    37.37      .087     170.7     -.152     304.0     -.406     437.4     -.065
    37.50     -.115     170.8     -.271     304.2      .371     437.5      .243
    37.63     -.366     171.0      .106     304.3     -.199     437.6     -.358
    37.76     -.375     171.1     -.206     304.4     -.217     437.8      .186
    37.89     -.255     171.2     -.299     304.6      .570     437.9      .291
    38.02     -.012     171.4     -.109     304.7      .022     438.0    -.0048
    38.15     -.455     171.5     -.311     304.8     -.068     438.2      .021
    38.28      .029     171.6     -.268     304.9      .058     438.3      .223
    38.41      .143     171.7      .110     305.1      .507     438.4      .208
    38.54      .209     171.9      .278     305.2     -.061     438.5      .038
    38.67     -.202     172.0     -.137     305.3     -.283     438.7      .273
    38.80      .290     172.1      .217     305.5      .215     438.8     -.324
    38.93      .327     172.3      .359     305.6     -.015     438.9      .166
    39.06      .096     172.4     -.055     305.7     -.414     439.1      .187
    39.19      .124     172.5      .472     305.9      .133     439.2     -.493
    39.32      .301     172.7      .123     306.0      .222     439.3     -.194
    39.45      .014     172.8     -.207     306.1     -.471     439.5      .021
    39.58     -.299     172.9      .037     306.3     -.017     439.6     -.368
    39.71      .093     173.0      .113     306.4      .294     439.7     -.151
    39.84     -.015     173.2     -.275     306.5     -.449     439.8     -.160
    39.97     -.475     173.3     -.338     306.6     -.032     440.0      .115
    40.10      .262     173.4      .112     306.8      .214     440.1     -.306
    40.23     -.111     173.6     -.372     306.9     -.197     440.2      .452
    40.36     -.441     173.7     -.280     307.0      .152     440.4      .340
    40.49      .117     173.8      .222     307.2      .323     440.5      .194
    40.63    -.0062     174.0     -.127     307.3     .0031     440.6      .066
    40.76     -.241     174.1     -.253     307.4     -.397     440.8      .477
    40.89     -.023     174.2      .595     307.6      .501     440.9      .061
    41.02      .504     174.3      .286     307.7     -.287     441.0     -.449
    41.15     -.230     174.5     -.301     307.8     -.427     441.1      .429
    41.28      .234     174.6      .713     307.9      .453     441.3     -.230
    41.41      .617     174.7      .488     308.1     -.189     441.4     -.609
    41.54     -.191     174.9     -.276     308.2     -.573     441.5      .159
    41.67     -.332     175.0     -.069     308.3      .241     441.7     -.042
    41.80      .522     175.1      .410     308.5      .232     441.8     -.477
    41.93     -.043     175.3     -.125     308.6     -.283     441.9     -.086
    42.06     -.584     175.4     -.439     308.7     -.296     442.1      .158
    42.19      .301     175.5      .104     308.9      .274     442.2     -.216
    42.32      .251     175.7     -.125     309.0      .259     442.3     .0053
    42.45    -1.086     175.8     -.690     309.1     -.216     442.4      .647
    42.58     -.042     175.9      .270     309.2      .176     442.6     -.060
    42.71      .408     176.0     -.135     309.4      .201     442.7     -.138
    42.84     -.577     176.2     -.418     309.5     -.318     442.8      .427
    42.97     -.233     176.3      .059     309.6     -.146     443.0      .135
    43.10      .723     176.4      .365     309.8      .174     443.1     -.391
    43.23     -.016     176.6      .018     309.9     -.529     443.2      .152
    43.36     -.446     176.7      .239     310.0     -.018     443.4      .297
    43.49      .818     176.8      .562     310.2      .214     443.5     -.534
    43.62      .038     177.0     -.019     310.3     -.432     443.6     -.094
    43.75     -.579     177.1      .056     310.4      .453     443.8      .333
    43.88      .203     177.2      .577     310.5      .189     443.9     -.391
    44.01      .514     177.3     -.170     310.7     -.258     444.0     -.329
    44.14     -.656     177.5     -.227     310.8      .466     444.1      .236
    44.27      .019     177.6      .113     310.9     -.232     444.3     -.098
    44.40      .530     177.7     -.081     311.1      .126     444.4     -.427
    44.53     -.538     177.9     -.746     311.2     -.077     444.5      .176
    44.66     -.305     178.0      .074     311.3    -.0064     444.7      .144
    44.79      .543     178.1      .039     311.5     -.271     444.8     -.033
    44.92     -.092     178.3     -.588     311.6     -.369     444.9      .297
    45.05     -.517     178.4     -.278     311.7     -.021     445.1      .082
    45.18      .391     178.5      .636     311.8      .202     445.2      .320
    45.31      .334     178.6     -.137     312.0     -.304     445.3     -.133
    45.44     -.596     178.8     -.170     312.1     -.062     445.4     -.019
    45.57      .078     178.9      .811     312.2      .262     445.6      .136
    45.70      .494     179.0      .032     312.4     -.215     445.7     -.055
    45.83     -.457     179.2     -.255     312.5      .123     445.8     -.031
    45.96     -.166     179.3      .843     312.6      .501     446.0     -.099
    46.09      .674     179.4      .074     312.8     -.155     446.1     -.106
    46.22     -.106     179.6     -.545     312.9    -.0024     446.2     -.080
    46.35     -.499     179.7      .235     313.0      .161     446.4     -.281
    46.48      .376     179.8      .158     313.2     -.162     446.5     -.023
    46.61      .335     179.9     -.284     313.3      .202     446.6     -.084
    46.74     -.587     180.1     -.233     313.4     -.113     446.7     -.083
    46.88      .048     180.2      .202     313.5     -.240     446.9     .0039
    47.01      .250     180.3     -.574     313.7     -.331     447.0      .161
    47.14     -.362     180.5     -.444     313.8      .106     447.1      .276
    47.27      .032     180.6      .191     313.9     -.235     447.3     -.035
    47.40      .025     180.7     -.216     314.1     -.137     447.4     -.037
    47.53     -.186     180.9     -.214     314.2     -.069     447.5     .0058
    47.66      .098     181.0      .368     314.3      .228     447.7      .174
    47.79      .143     181.1      .114     314.5     -.110     447.8      .050
    47.92     -.216     181.3     -.094     314.6      .325     447.9     -.201
    48.05     -.056     181.4      .401     314.7      .405     448.0     .0040
    48.18      .440     181.5      .308     314.8      .118     448.2     -.136
    48.31     -.163     181.6     -.153     315.0     -.024     448.3     -.322
    48.44     -.114     181.8      .286     315.1      .305     448.4     -.030
    48.57      .412     181.9      .343     315.2      .373     448.6      .052
    48.70      .068     182.0     -.218     315.4     -.137     448.7     -.064
    48.83     -.202     182.2     -.121     315.5     -.253     448.8     -.421
    48.96      .127     182.3     -.074     315.6     -.015     449.0      .467
    49.09      .280     182.4     -.240     315.8     -.392     449.1      .166
    49.22     -.483     182.6     -.529     315.9     -.244     449.2     -.092
    49.35      .070     182.7     -.073     316.0      .092     449.3      .174
    49.48      .427     182.8     -.023     316.1     -.402     449.5      .147
    49.61     -.548     182.9     -.255     316.3     -.100     449.6     -.260
    49.74     -.061     183.1     -.019     316.4      .067     449.7     -.190
    49.87      .125     183.2      .292     316.5      .465     449.9      .212
    50.00     -.339     183.3     -.131     316.7      .100     450.0     -.125
    50.13     -.096     183.5      .300     316.8      .322     450.1     -.279
    50.26      .181     183.6      .249     316.9      .115     450.3      .159
    50.39      .045     183.7      .018     317.1      .223     450.4      .298
    50.52     -.138     183.9      .135     317.2      .432     450.5     -.064
    50.65      .301     184.0      .104     317.3     -.082     450.7     -.079
    50.78      .331     184.1      .100     317.4     -.122     450.8      .432
    50.91     -.190     184.2     -.071     317.6     -.031     450.9     -.263
    51.04      .456     184.4     -.090     317.7     -.267     451.0     -.047
    51.17     -.093     184.5     -.212     317.8     -.398     451.2      .462
    51.30    -.0040     184.6     -.071     318.0     -.246     451.3     -.224
    51.43     -.019     184.8      .073     318.1     -.076     451.4     -.175
    51.56     -.015     184.9     -.130     318.2     -.323     451.6     -.090
    51.69     -.306     185.0     -.396     318.4     -.389     451.7    -.0048
    51.82     -.151     185.2      .127     318.5      .358     451.8     -.070
    51.95      .189     185.3      .046     318.6      .059     452.0      .075
    52.08     -.240     185.4     -.153     318.8     -.180     452.1     -.041
    52.21    -.0055     185.5     -.081     318.9      .280     452.2     -.044
    52.34      .365     185.7      .154     319.0      .479     452.3      .176
    52.47     -.030     185.8     -.032     319.1      .047     452.5      .175
    52.60     -.131     185.9      .179     319.3      .139     452.6      .086
    52.73      .302     186.1      .291     319.4      .327     452.7     -.039
    52.86      .420     186.2      .153     319.5     -.029     452.9     -.091
    52.99     -.479     186.3    -.0078     319.7     -.188     453.0      .035
    53.13      .078     186.5      .013     319.8      .163     453.1     -.264
    53.26      .348     186.6     -.193     319.9      .104     453.3      .189
    53.39     -.505     186.7      .103     320.1     -.303     453.4     -.186
    53.52     -.029     186.8     -.244     320.2     -.136     453.5     -.127
    53.65      .198     187.0     -.303     320.3     -.017     453.6     -.062
    53.78     -.056     187.1     -.164     320.4     -.492     453.8      .088
    53.91     -.206     187.2     -.121     320.6     -.077     453.9     .0007
    54.04      .385     187.4      .028     320.7     -.088     454.0     -.166
    54.17     -.163     187.5     -.220     320.8     -.250     454.2      .182
    54.30    -.0063     187.6      .113     321.0     -.121     454.3     -.099
    54.43      .230     187.8      .096     321.1      .353     454.4     .0079
    54.56     -.119     187.9     -.109     321.2      .349     454.6      .117
    54.69     -.176     188.0     -.059     321.4      .135     454.7      .248
    54.82      .236     188.2      .509     321.5      .208     454.8      .135
    54.95      .206     188.3      .038     321.6      .113     454.9     -.163
    55.08      .047     188.4     -.330     321.7      .156     455.1     -.100
    55.21     -.274     188.5      .230     321.9      .265     455.2      .440
    55.34      .291     188.7      .073     322.0      .117     455.3     -.038
    55.47     -.285     188.8     -.309     322.1     -.156     455.5     -.355
    55.60     -.066     188.9     -.025     322.3     -.224     455.6     -.024
    55.73      .449     189.1      .166     322.4     -.016     455.7      .392
    55.86     -.326     189.2     -.113     322.5     -.614     455.9     -.345
    55.99     -.099     189.3     -.060     322.7     -.250     456.0     -.201
    56.12      .402     189.5      .265     322.8      .054     456.1      .079
    56.25      .055     189.6      .041     322.9     -.375     456.3     -.131
    56.38     -.359     189.7     -.205     323.0      .087     456.4     -.175
    56.51      .389     189.8     -.186     323.2      .189     456.5      .362
    56.64    -.0078     190.0     -.046     323.3      .164     456.6      .169
    56.77     -.184     190.1     .0020     323.4     .0007     456.8     -.274
    56.90      .222     190.2     -.081     323.6      .325     456.9      .351
    57.03      .130     190.4     -.040     323.7      .133     457.0      .117
    57.16     -.398     190.5      .090     323.8      .021     457.2      .110
    57.29      .101     190.6      .178     324.0      .286     457.3      .235
    57.42     -.033     190.8      .041     324.1      .251     457.4      .095
    57.55     -.130     190.9      .039     324.2     -.190     457.6     -.308
    57.68      .067     191.0      .094     324.3      .079     457.7      .095
    57.81      .334     191.1     -.134     324.5     -.143     457.8      .166
    57.94     -.344     191.3     -.011     324.6      .037     457.9     -.155
    58.07      .134     191.4      .093     324.7     -.172     458.1     -.181
    58.20      .450     191.5     -.016     324.9    -.0091     458.2    -.0086
    58.33     -.065     191.7     -.040     325.0     -.176     458.3     -.104
    58.46     -.210     191.8     -.341     325.1     -.307     458.5      .050
    58.59      .277     191.9      .166     325.3      .097     458.6      .155
    58.72      .042     192.1     -.023     325.4     -.073     458.7      .077
    58.85     -.410     192.2     -.196     325.5     -.082     458.9     -.275
    58.98      .295     192.3      .160     325.7      .104     459.0      .255
    59.11      .209     192.4     -.090     325.8      .440     459.1      .182
    59.24     -.470     192.6     -.011     325.9      .164     459.2      .050
    59.38     .0050     192.7      .010     326.0      .186     459.4      .084
    59.51      .155     192.8      .262     326.2      .394     459.5      .212
    59.64     -.355     193.0      .076     326.3      .040     459.6      .043
    59.77    -.0040     193.1     -.050     326.4     -.271     459.8     -.117
    59.90      .225     193.2      .022     326.6     -.041     459.9      .377
    60.03     -.193     193.4      .065     326.7     -.063     460.0     -.058
    60.16     .0090     193.5      .183     326.8     .0075     460.2     -.200
    60.29      .413     193.6     -.173     327.0     -.569     460.3     .0033
    60.42     -.037     193.8      .179     327.1     -.090     460.4     -.044
    60.55     -.218     193.9      .022     327.2     .0018     460.5     -.061
    60.68      .217     194.0     -.213     327.3     -.120     460.7     -.076
    60.81      .155     194.1      .124     327.5     -.036     460.8     -.305
    60.94     -.235     194.3      .133     327.6      .311     460.9    -.0021
    61.07      .230     194.4     -.152     327.7     -.060     461.1     -.100
    61.20      .139     194.5     -.246     327.9      .053     461.2      .375
    61.33     -.308     194.7     -.032     328.0      .059     461.3      .119
    61.46     -.131     194.8      .309     328.1      .263     461.5      .240
    61.59      .115     194.9     -.129     328.3      .016     461.6      .163
    61.72     -.267     195.1     -.081     328.4     -.177     461.7      .080
    61.85     -.339     195.2      .179     328.5     -.074     461.8     -.043
    61.98      .351     195.3      .024     328.6      .161     462.0      .181
    62.11     -.187     195.4     -.046     328.8     -.084     462.1     -.222
    62.24     -.287     195.6      .167     328.9     -.045     462.2     -.291
    62.37      .344     195.7      .101     329.0      .025     462.4      .274
    62.50      .100     195.8     -.238     329.2     -.117     462.5     -.028
    62.63     -.268     196.0      .459     329.3      .050     462.6     -.366
    62.76      .209     196.1     -.098     329.4     -.035     462.8      .188
    62.89      .309     196.2     -.105     329.6      .011     462.9     -.109
    63.02      .189     196.4      .356     329.7     -.177     463.0     -.239
    63.15      .076     196.5     -.198     329.8     -.035     463.2      .013
    63.28      .215     196.6     -.475     329.9     -.125     463.3      .272
    63.41     -.122     196.7      .384     330.1      .088     463.4     -.085
    63.54     -.103     196.9      .040     330.2     -.177     463.5     -.304
    63.67      .198     197.0     -.198     330.3      .193     463.7      .461
    63.80     -.446     197.1     -.174     330.5      .028     463.8     -.380
    63.93     -.217     197.3      .284     330.6     .0040     463.9      .045
    64.06     -.166     197.4     -.329     330.7      .138     464.1      .098
    64.19     -.374     197.5      .081     330.9      .100     464.2      .060
    64.32      .119     197.7      .437     331.0     -.095     464.3      .216
    64.45      .251     197.8     -.063     331.1     -.034     464.5      .220
    64.58     -.250     197.9     -.185     331.3      .061     464.6      .087
    64.71     -.169     198.0      .204     331.4      .056     464.7     -.103
    64.84      .737     198.2      .477     331.5     -.091     464.8     -.059
    64.97      .047     198.3     -.220     331.6      .117     465.0      .308
    65.10      .076     198.4     -.099     331.8     -.181     465.1     -.638
    65.23      .465     198.6      .081     331.9     -.105     465.2      .052
    65.36      .218     198.7     -.036     332.0      .139     465.4      .213
    65.49     -.225     198.8     -.097     332.2      .045     465.5     -.468
    65.63      .084     199.0      .118     332.3     -.136     465.6     -.393
    65.76      .083     199.1     -.301     332.4      .152     465.8      .486
    65.89     -.625     199.2     -.064     332.6     -.041     465.9     -.053
    66.02     -.595     199.3     -.058     332.7     -.226     466.0     -.132
    66.15      .063     199.5     -.200     332.8      .275     466.1      .457
    66.28     -.285     199.6      .039     332.9      .065     466.3      .175
    66.41     -.090     199.7      .343     333.1     -.216     466.4     -.223
    66.54      .019     199.9     -.111     333.2     -.070     466.5      .351
    66.67      .222     200.0     .0053     333.3      .090     466.7      .130
    66.80     -.101     200.1      .317     333.5      .108     466.8     -.061
    66.93      .179     200.3      .086     333.6     -.111     466.9     -.018
    67.06      .232     200.4     -.242     333.7      .213     467.1      .060
    67.19      .050     200.5      .158     333.9      .296     467.2    -.0080
    67.32      .278     200.7      .104     334.0     -.278     467.3     -.318
    67.45      .252     200.8     -.312     334.1      .056     467.4      .117
    67.58     -.145     200.9    -.0058     334.2      .420     467.6     -.289
    67.71      .056     201.0      .333     334.4     -.296     467.7     -.209
    67.84      .284     201.2     -.188     334.5     -.272     467.8      .264
    67.97     -.536     201.3     -.228     334.6    -.0059     468.0     -.250
    68.10     -.353     201.4      .307     334.8      .089     468.1     -.336
    68.23      .081     201.6      .146     334.9     -.292     468.2      .509
    68.36     -.202     201.7     -.227     335.0      .068     468.4     -.070
    68.49     -.513     201.8     -.035     335.2      .143     468.5     -.325
    68.62      .203     202.0      .183     335.3     -.169     468.6      .364
    68.75     -.079     202.1     -.242     335.4      .298     468.8      .546
    68.88     -.226     202.2     -.073     335.5      .351     468.9     -.511
    69.01      .015     202.3      .344     335.7     -.154     469.0      .064
    69.14      .708     202.5     -.154     335.8      .085     469.1      .552
    69.27      .014     202.6     -.368     335.9      .420     469.3     -.177
    69.40     -.182     202.7      .401     336.1     -.110     469.4     -.327
    69.53      .536     202.9      .083     336.2     -.105     469.5      .432
    69.66     -.125     203.0      .058     336.3      .232     469.7     -.085
    69.79     -.086     203.1      .310     336.5     -.186     469.8     -.461
    69.92      .137     203.3     -.058     336.6     -.454     469.9      .022
    70.05     -.134     203.4     -.102     336.7      .277     470.1      .071
    70.18     -.692     203.5      .078     336.8      .033     470.2     -.451
    70.31     -.127     203.6      .284     337.0     -.326     470.3     -.220
    70.44     -.062     203.8     -.064     337.1     -.195     470.4      .262
    70.57     -.576     203.9     -.116     337.2      .435     470.6     -.032
    70.70     -.020     204.0     -.164     337.4     -.254     470.7     -.223
    70.83     -.185     204.2     -.105     337.5     -.091     470.8      .249
    70.96     -.029     204.3     -.193     337.6      .563     471.0      .107
    71.09      .096     204.4      .328     337.8      .033     471.1     -.245
    71.22      .179     204.6      .104     337.9     -.030     471.2      .518
    71.35      .193     204.7     -.507     338.0      .117     471.4      .085
    71.48     -.052     204.8      .416     338.2      .321     471.5     -.034
    71.61      .327     204.9      .177     338.3     -.230     471.6     -.037
    71.74     -.079     205.1     -.153     338.4     -.122     471.7      .118
    71.88      .055     205.2      .151     338.5      .042     471.9     -.444
    72.01      .126     205.3      .197     338.7     -.049     472.0      .050
    72.14     -.074     205.5     -.080     338.8     -.064     472.1     -.036
    72.27     -.049     205.6     -.137     338.9      .054     472.3     -.409
    72.40     -.066     205.7      .159     339.1      .019     472.4     -.108
    72.53      .099     205.9     -.145     339.2     -.312     472.5     -.201
    72.66     -.298     206.0     -.105     339.3     -.391     472.7     -.213
    72.79     -.191     206.1     -.189     339.5      .359     472.8      .013
    72.92      .203     206.3     -.052     339.6     -.259     472.9     -.034
    73.05     -.263     206.4      .235     339.7     .0077     473.0      .131
    73.18     -.213     206.5     -.015     339.8      .227     473.2     -.106
    73.31      .072     206.6     -.042     340.0      .181     473.3      .432
    73.44     -.089     206.8      .128     340.1     -.132     473.4      .272
    73.57     .0089     206.9      .045     340.2      .342     473.6      .123
    73.70      .319     207.0     -.069     340.4      .210     473.7      .063
    73.83      .209     207.2     -.067     340.5     -.406     473.8     -.212
    73.96      .157     207.3      .040     340.6      .108     474.0      .301
    74.09      .277     207.4      .078     340.8      .110     474.1     -.286
    74.22     .0066     207.6     -.310     340.9     -.166     474.2     -.247
    74.35      .039     207.7      .108     341.0     -.084     474.3      .040
    74.48    -.0084     207.8      .356     341.1     -.232     474.5     -.188
    74.61      .166     207.9     -.454     341.3      .105     474.6     -.378
    74.74     -.347     208.1     -.116     341.4     -.293     474.7      .068
    74.87     -.182     208.2      .244     341.5     -.121     474.9      .152
    75.00      .068     208.3     -.155     341.7      .130     475.0     -.093
    75.13     -.121     208.5     -.104     341.8     -.287     475.1     -.158
    75.26     -.133     208.6     -.036     341.9      .143     475.3      .469
    75.39      .256     208.7      .064     342.1      .155     475.4      .082
    75.52      .027     208.9     -.415     342.2      .120     475.5      .167
    75.65     -.051     209.0      .102     342.3     -.275     475.7      .041
    75.78      .160     209.1      .202     342.4      .280     475.8      .318
    75.91      .170     209.2      .018     342.6      .094     475.9      .065
    76.04     -.236     209.4     -.129     342.7     -.329     476.0     -.036
    76.17      .016     209.5      .236     342.8      .336     476.2      .141
    76.30      .036     209.6      .058     343.0      .199     476.3     -.085
    76.43      .013     209.8     -.010     343.1     -.097     476.4     -.185
    76.56      .288     209.9      .048     343.2    -.0066     476.6     -.145
    76.69     -.061     210.0      .068     343.4      .144     476.7     -.137
    76.82     -.055     210.2     -.162     343.5      .034     476.8     -.264
    76.95      .166     210.3     -.045     343.6     -.280     477.0     -.074
    77.08      .065     210.4     -.149     343.8      .108     477.1      .031
    77.21     -.091     210.5     -.142     343.9     -.202     477.2     -.174
    77.34      .392     210.7     .0086     344.0     -.295     477.3      .088
    77.47     -.068     210.8     -.150     344.1      .023     477.5      .439
    77.60     -.393     210.9     -.239     344.3     -.024     477.6     -.052
    77.73      .162     211.1      .221     344.4      .052     477.7      .138
    77.86      .206     211.2      .159     344.5     -.101     477.9      .512
    77.99     -.515     211.3     -.221     344.7      .297     478.0    -.0038
    78.13     -.220     211.5     .0078     344.8     -.079     478.1     -.046
    78.26      .141     211.6      .125     344.9      .192     478.3      .325
    78.39     -.030     211.7     -.014     345.1      .436     478.4     -.204
    78.52    -.0084     211.8     -.021     345.2     -.077     478.5     -.415
    78.65      .058     212.0      .531     345.3     -.036     478.6      .165
    78.78      .244     212.1     -.180     345.4      .127     478.8      .109
    78.91     -.263     212.2     -.131     345.6      .122     478.9     -.574
    79.04     -.077     212.4      .331     345.7     -.473     479.0      .011
    79.17      .683     212.5     .0058     345.8     -.208     479.2      .356
    79.30     -.297     212.6     -.045     346.0      .224     479.3     -.561
    79.43      .144     212.8     -.090     346.1     -.522     479.4     -.278
    79.56      .207     212.9      .132     346.2     -.333     479.6      .379
    79.69     -.271     213.0     -.085     346.4      .389     479.7     -.056
    79.82     -.194     213.2     -.035     346.5     -.098     479.8     -.215
    79.95      .028     213.3      .061     346.6     -.286     479.9      .373
    80.08     -.181     213.4     -.421     346.7     .0074     480.1      .347
    80.21     -.412     213.5      .080     346.9      .490     480.2     -.179
    80.34     -.052     213.7     -.048     347.0     -.047     480.3      .226
    80.47     -.144     213.8      .220     347.1     -.115     480.5      .159
    80.60     -.026     213.9      .241     347.3      .344     480.6     -.261
    80.73      .050     214.1      .253     347.4      .130     480.7      .218
    80.86      .138     214.2     -.023     347.5     -.111     480.9      .055
    80.99    -.0057     214.3     -.069     347.7      .104     481.0     -.195
    81.12      .170     214.5      .469     347.8      .116     481.1     -.324
    81.25      .245     214.6     -.082     347.9     -.331     481.3     .0056
    81.38      .019     214.7     -.173     348.0     -.313     481.4     -.208
    81.51      .157     214.8    -.0039     348.2      .053     481.5     -.263
    81.64      .073     215.0      .069     348.3     -.197     481.6      .107
    81.77     -.458     215.1      .078     348.4     -.030     481.8     -.100
    81.90      .136     215.2     -.035     348.6     -.317     481.9     -.103
    82.03     -.068     215.4     -.093     348.7      .127     482.0      .024
    82.16     -.225     215.5     -.029     348.8      .017     482.2      .130
    82.29     -.393     215.6     -.338     349.0     -.106     482.3      .168
    82.42      .120     215.8      .194     349.1      .398     482.4     -.180
    82.55      .043     215.9      .122     349.2      .232     482.6      .243
    82.68     -.179     216.0      .156     349.3     -.074     482.7     -.095
    82.81     -.017     216.1     -.408     349.5      .163     482.8      .087
    82.94      .245     216.3      .195     349.6      .478     482.9      .305
    83.07     -.155     216.4      .112     349.7     -.528     483.1     -.152
    83.20      .158     216.5      .046     349.9     -.038     483.2     -.086
    83.33      .340     216.7    -.0042     350.0      .134     483.3      .068
    83.46     -.159     216.8      .105     350.1     -.617     483.5     .0056
    83.59      .049     216.9      .012     350.3     -.225     483.6      .072
    83.72      .155     217.1     .0038     350.4      .024     483.7     -.175
    83.85     -.027     217.2      .288     350.5     -.145     483.9     -.122
    83.98     -.126     217.3      .165     350.7     -.242     484.0     -.224
    84.11      .211     217.4     -.101     350.8      .023     484.1     -.147
    84.24     -.190     217.6     -.099     350.9      .038     484.2     -.299
    84.38     -.155     217.7      .093     351.0     -.197     484.4      .209
    84.51     -.046     217.8     -.046     351.2      .322     484.5      .157
    84.64      .074     218.0     -.118     351.3      .220     484.6     -.060
    84.77     -.274     218.1     -.326     351.4     -.015     484.8      .102
    84.90     -.104     218.2     -.032     351.6     -.249     484.9      .444
    85.03      .074     218.4     -.195     351.7      .591     485.0      .232
    85.16     -.021     218.5      .288     351.8     -.066     485.2     -.250
    85.29      .035     218.6     -.031     352.0     -.425     485.3      .299
    85.42      .394     218.8     -.272     352.1      .191     485.4      .207
    85.55      .105     218.9      .323     352.2      .108     485.5     -.186
    85.68      .021     219.0      .129     352.3     -.639     485.7     -.069
    85.81     -.026     219.1     -.078     352.5      .299     485.8      .206
    85.94      .134     219.3      .247     352.6      .159     485.9     -.464
    86.07      .027     219.4      .215     352.7     -.357     486.1     -.150
    86.20     -.058     219.5     .0030     352.9     -.134     486.2      .218
    86.33     -.097     219.7     -.321     353.0      .439     486.3     -.172
    86.46      .038     219.8      .358     353.1     -.161     486.5     -.179
    86.59      .027     219.9     -.116     353.3     -.251     486.6      .407
    86.72     -.034     220.1     -.537     353.4      .329     486.7     -.013
    86.85      .035     220.2     -.055     353.5     -.303     486.8     -.188
    86.98     -.293     220.3      .137     353.6     -.049     487.0      .504
    87.11     -.086     220.4     -.306     353.8      .308     487.1      .310
    87.24     .0036     220.6     -.234     353.9      .194     487.2     -.327
    87.37     -.039     220.7      .201     354.0     -.488     487.4      .256
    87.50      .210     220.8     -.431     354.2      .232     487.5      .610
    87.63     -.086     221.0     -.083     354.3      .159     487.6     -.417
    87.76      .037     221.1      .306     354.4     -.266     487.8     -.030
    87.89      .175     221.2      .312     354.6     -.036     487.9      .525
    88.02     -.095     221.4      .128     354.7      .257     488.0     -.516
    88.15     -.028     221.5      .039     354.8     -.384     488.2     -.638
    88.28      .064     221.6      .566     354.9      .030     488.3      .587
    88.41      .114     221.7     -.236     355.1      .402     488.4     -.102
    88.54     .0080     221.9     -.224     355.2     -.130     488.5     -.966
    88.67     -.029     222.0      .377     355.3     -.501     488.7      .160
    88.80      .208     222.1     -.274     355.5      .571     488.8      .566
    88.93     -.051     222.3     -.306     355.6     .0070     488.9     -.866
    89.06     -.384     222.4     -.281     355.7     -.335     489.1      .141
    89.19     -.013     222.5      .278     355.9      .332     489.2      .799
    89.32      .069     222.7     -.389     356.0      .315     489.3     -.175
    89.45     -.127     222.8     -.300     356.1     -.391     489.5     -.204
    89.58      .018     222.9      .072     356.3     -.094     489.6      .873
    89.71      .099     223.0    -.0050     356.4      .288     489.7      .141
    89.84     -.052     223.2      .151     356.5     -.367     489.8     -.487
    89.97     -.025     223.3      .443     356.6     -.148     490.0      .338
    90.10      .041     223.4      .186     356.8     -.013     490.1      .102
    90.23     -.116     223.6      .126     356.9      .078     490.2     -.764
    90.36     -.189     223.7     -.167     357.0     -.384     490.4     .0011
    90.49     -.020     223.8      .373     357.2      .562     490.5      .066
    90.63     -.117     224.0      .028     357.3      .098     490.6     -.609
    90.76      .200     224.1     -.037     357.4      .079     490.8     -.335
    90.89      .144     224.2     -.042     357.6      .134     490.9      .328
    91.02     -.119     224.3     -.367     357.7      .313     491.0      .036
    91.15      .184     224.5     -.294     357.8     -.181     491.1     -.470
    91.28      .037     224.6     -.129     357.9     -.032     491.3      .422
    91.41      .093     224.7     -.029     358.1      .021     491.4      .151
    91.54      .074     224.9     -.354     358.2     -.424     491.5      .014
    91.67      .036     225.0     -.052     358.3     -.199     491.7      .324
    91.80     -.073     225.1      .409     358.5      .305     491.8      .334
    91.93     -.125     225.3     -.112     358.6     -.244     491.9     -.094
    92.06      .029     225.4     -.061     358.7     -.428     492.1     -.305
    92.19     -.156     225.5      .364     358.9      .335     492.2      .546
    92.32     -.119     225.7      .018     359.0      .031     492.3     -.411
    92.45     -.200     225.8     -.095     359.1     -.127     492.4     -.339
    92.58     .0048     225.9      .207     359.2      .428     492.6    -.0078
    92.71      .205     226.0      .408     359.4      .258     492.7     -.239
    92.84     -.102     226.2     -.354     359.5     -.139     492.8     -.433
    92.97      .399     226.3     .0089     359.6      .125     493.0     -.089
    93.10      .034     226.4      .183     359.8      .252     493.1      .287
    93.23      .107     226.6     -.026     359.9      .012     493.2     -.310
    93.36      .135     226.7     -.131     360.0     -.429     493.4     -.065
    93.49     .0038     226.8      .081     360.2      .235     493.5      .365
    93.62      .134     227.0     -.179     360.3     -.465     493.6      .303
    93.75     -.169     227.1     -.183     360.4     -.147     493.8     -.105
    93.88     -.275     227.2     -.145     360.5      .069     493.9      .326
    94.01      .232     227.3     .0017     360.7      .112     494.0      .264
    94.14     -.098     227.5     -.113     360.8     -.456     494.1     -.231
    94.27     -.258     227.6     -.211     360.9      .043     494.3     -.099
    94.40      .047     227.7      .054     361.1      .433     494.4      .074
    94.53      .050     227.9      .285     361.2     -.201     494.5     -.134
    94.66     -.275     228.0      .039     361.3      .367     494.7     -.031
    94.79      .072     228.1      .245     361.5      .332     494.8     -.352
    94.92      .296     228.3      .013     361.6     -.113     494.9      .043
    95.05     -.066     228.4     -.113     361.7      .196     495.1      .114
    95.18      .185     228.5      .384     361.8      .302     495.2     -.232
    95.31      .258     228.6     -.204     362.0     -.185     495.3      .098
    95.44      .262     228.8     -.129     362.1     -.283     495.4      .122
    95.57     -.015     228.9      .074     362.2      .042     495.6     -.048
    95.70      .217     229.0     -.252     362.4     -.092     495.7      .255
    95.83      .163     229.2     -.263     362.5     -.507     495.8      .220
    95.96     -.324     229.3     -.195     362.6      .274     496.0      .073
    96.09      .170     229.4      .080     362.8     -.338     496.1      .017
    96.22      .066     229.6     -.128     362.9     -.381     496.2     -.014
    96.35     -.503     229.7     -.202     363.0      .154     496.4      .263
    96.48     -.162     229.8      .157     363.2      .414     496.5     -.221
    96.61     -.082     229.9      .045     363.3     -.059     496.6      .014
    96.74     -.175     230.1      .026     363.4      .249     496.7     -.263
    96.88     -.185     230.2      .388     363.5      .690     496.9    -.0023
    97.01      .556     230.3      .069     363.7     -.084     497.0     -.236
    97.14      .071     230.5     -.464     363.8     -.047     497.1      .333
    97.27      .031     230.6      .225     363.9      .549     497.3     -.056
    97.40      .439     230.7      .175     364.1     -.450     497.4     -.077
    97.53      .318     230.9     -.084     364.2     -.230     497.5      .703
    97.66      .124     231.0     -.181     364.3     -.223     497.7      .100
    97.79     -.331     231.1     -.063     364.5     -.109     497.8      .017
    97.92      .375     231.3      .148     364.6     -.427     497.9      .452
    98.05    -.0007     231.4     -.147     364.7      .076     498.0      .105
    98.18     -.473     231.5      .067     364.8      .148     498.2     -.551
    98.31      .101     231.6     -.110     365.0     -.554     498.3      .108
    98.44     -.129     231.8     -.221     365.1      .481     498.4      .330
    98.57     -.278     231.9     -.244     365.2      .247     498.6     -.374
    98.70     -.170     232.0      .165     365.4     -.199     498.7     -.138
    98.83     -.045     232.2     -.146     365.5      .188     498.8      .177
    98.96      .081     232.3     -.156     365.6      .377     499.0     -.049
    99.09     -.115     232.4      .140     365.8     -.195     499.1     -.348
    99.22      .172     232.6    -.0077     365.9     -.099     499.2      .465
    99.35      .014     232.7      .132     366.0      .472     499.3      .352
    99.48      .452     232.8      .190     366.1     -.061     499.5     -.407
    99.61     -.071     232.9     -.045     366.3     -.569     499.6      .380
    99.74     .0035     233.1      .036     366.4      .372     499.7      .292
    99.87      .373     233.2      .088     366.5      .270     499.9     -.336
    100.0     -.048     233.3      .065     366.7     -.283     500.0      .028
    100.1     -.017     233.5      .070     366.8     -.197     500.1      .110
    100.3      .019     233.6     -.060     366.9      .345     500.3     -.481
    100.4      .287     233.7     -.140     367.1     -.267     500.4      .081
    100.5     -.490     233.9     -.231     367.2     -.310     500.5      .250
    100.7     -.115     234.0      .026     367.3      .309     500.7     -.377
    100.8      .265     234.1     -.109     367.4     -.350     500.8      .041
    100.9     -.293     234.2     -.148     367.6     -.243     500.9     -.070
    101.0     -.133     234.4     -.070     367.7      .318     501.0     -.040
    101.2      .275     234.5     -.151     367.8     -.031     501.2      .048
    101.3     -.208     234.6      .163     368.0      .096     501.3     -.138
    101.4     -.029     234.8      .101     368.1      .187     501.4      .187
    101.6      .242     234.9      .111     368.2      .158     501.6    -.0066
    101.7      .166     235.0      .085     368.4     -.309     501.7     -.119
    101.8     -.171     235.2      .278     368.5      .336     501.8      .272
    102.0      .223     235.3      .273     368.6      .182     502.0     -.177
    102.1      .026     235.4      .051     368.8     -.399     502.1      .337
    102.2      .019     235.5      .218     368.9      .186     502.2     -.036
    102.3      .117     235.7      .184     369.0      .143     502.3      .044
    102.5     -.183     235.8     -.334     369.1     -.232     502.5     -.075
    102.6     -.095     235.9    -.0040     369.3     -.277     502.6     -.172
    102.7     .0062     236.1      .171     369.4      .418     502.7     -.101
    102.9     -.153     236.2     -.264     369.5     -.388     502.9     -.282
    103.0      .077     236.3     -.234     369.7     -.247     503.0     -.137
    103.1     -.046     236.5      .037     369.8      .364     503.1      .120
    103.3     -.181     236.6     -.445     369.9     -.163     503.3     .0054
    103.4      .092     236.7      .016     370.1     -.341     503.4     -.023
    103.5     -.077     236.8      .198     370.2      .218     503.5     -.143
    103.6     -.140     237.0    -.0008     370.3      .234     503.6      .442
    103.8      .266     237.1      .080     370.4     -.503     503.8      .028
    103.9     .0024     237.2      .152     370.6      .155     503.9      .040
    104.0     -.154     237.4      .393     370.7      .353     504.0      .258
    104.2      .321     237.5     -.063     370.8     -.235     504.2      .033
    104.3      .207     237.6      .391     371.0      .232     504.3     -.058
    104.4     -.310     237.8     -.031     371.1      .139     504.4     -.309
    104.6     -.148     237.9     -.197     371.2      .124     504.6      .188
    104.7      .181     238.0      .341     371.4      .044     504.7     -.126
    104.8     -.071     238.2      .029     371.5     -.067     504.8     -.409
    104.9     -.237     238.3     -.177     371.6     -.063     504.9      .026
    105.1      .128     238.4     -.343     371.7     -.160     505.1      .221
    105.2      .162     238.5     -.046     371.9     -.040     505.2     -.316
    105.3     -.409     238.7     -.240     372.0      .063     505.3     -.212
    105.5      .089     238.8     -.306     372.1     -.210     505.5      .137
    105.6      .133     238.9      .428     372.3     -.261     505.6     -.117
    105.7      .013     239.1     -.120     372.4      .301     505.7     -.141
    105.9     -.084     239.2     -.371     372.5      .027     505.9      .459
    106.0      .092     239.3      .121     372.7     -.137     506.0     -.045
    106.1      .015     239.5      .523     372.8      .308     506.1      .101
    106.3     -.066     239.6     -.093     372.9      .081     506.3      .194
    106.4      .043     239.7      .022     373.0     -.216     506.4      .079
    106.5      .071     239.8      .523     373.2      .279     506.5      .132
    106.6     -.011     240.0     -.205     373.3      .353     506.6      .141
    106.8     -.357     240.1      .113     373.4     -.182     506.8      .074
    106.9    -.0087     240.2      .503     373.6     -.097     506.9     -.221
    107.0      .163     240.4     -.155     373.7      .270     507.0     -.040
    107.2     -.121     240.5     -.401     373.8     -.116     507.2      .098
    107.3      .097     240.6      .093     374.0     -.325     507.3     -.540
    107.4     -.196     240.8      .028     374.1      .055     507.4     -.247
    107.6      .012     240.9     -.224     374.2      .286     507.6      .177
    107.7      .098     241.0     -.063     374.3     -.595     507.7     -.275
    107.8     -.146     241.1      .101     374.5    -.0037     507.8     -.027
    107.9      .079     241.3     -.490     374.6      .314     507.9      .497
    108.1     -.013     241.4      .121     374.7    -.0004     508.1     -.201
    108.2      .135     241.5      .098     374.9     -.287     508.2     -.090
    108.3     -.286     241.7      .097     375.0      .272     508.3      .251
    108.5      .111     241.8      .077     375.1      .442     508.5      .037
    108.6      .154     241.9      .157     375.3     -.374     508.6      .064
    108.7     -.308     242.1      .253     375.4      .224     508.7     -.076
    108.9     -.063     242.2      .040     375.5      .424     508.9      .222
    109.0      .270     242.3      .271     375.7     -.024     509.0     -.164
    109.1     -.167     242.4     -.113     375.8     -.149     509.1     -.028
    109.2     -.089     242.6     -.054     375.9      .350     509.2      .062
    109.4      .153     242.7      .024     376.0      .029     509.4     -.088
    109.5      .041     242.8     -.031     376.2      .125     509.5     -.169
    109.6     -.144     243.0     -.099     376.3      .013     509.6     -.124
    109.8      .329     243.1     .0015     376.4     -.210     509.8     -.040
    109.9      .079     243.2     -.273     376.6     -.157     509.9     -.192
    110.0     -.032     243.4     -.145     376.7     -.207     510.0      .098
    110.2     .0021     243.5     -.029     376.8     -.128     510.2    -.0081
    110.3     -.107     243.6      .015     377.0     -.232     510.3     -.298
    110.4      .012     243.8     -.187     377.1      .094     510.4      .307
    110.5     -.297     243.9      .041     377.2      .121     510.5     -.175
    110.7     -.064     244.0     -.014     377.3      .030     510.7      .153
    110.8     -.355     244.1      .092     377.5      .152     510.8      .250
    110.9      .064     244.3      .322     377.6      .505     510.9     -.139
    111.1      .069     244.4     -.124     377.7      .128     511.1      .207
    111.2      .211     244.5      .087     377.9     -.169     511.2      .295
    111.3     -.125     244.7      .098     378.0      .478     511.3      .176
    111.5      .011     244.8     -.031     378.1      .133     511.5     -.191
    111.6      .247     244.9     -.077     378.3     -.305     511.6     -.200
    111.7      .136     245.1     -.071     378.4      .054     511.7      .254
    111.8     -.104     245.2      .187     378.5      .169     511.8     -.358
    112.0      .350     245.3     -.361     378.6     -.527     512.0     -.198
    112.1     -.207     245.4     -.257     378.8     -.474     512.1      .229
    112.2     -.186     245.6      .235     378.9      .065     512.2     -.446
    112.4      .206     245.7     -.081     379.0     -.038     512.4     -.117
    112.5     -.221     245.8     -.241     379.2     -.343     512.5      .263
    112.6     -.418     246.0     -.240     379.3     -.040     512.6     -.015
    112.8      .036     246.1      .466     379.4      .335     512.8     -.196
    112.9      .178     246.2     -.125     379.6      .127     512.9      .373
    113.0     -.145     246.4      .156     379.7     -.233     513.0     -.031
    113.2     -.038     246.5      .258     379.8      .478     513.2     -.105
    113.3      .259     246.6     -.017     379.9      .270     513.3      .365
    113.4     -.101     246.7     -.090     380.1      .049     513.4      .113
    113.5     -.300     246.9      .225     380.2      .577     513.5     -.249
    113.7      .402     247.0     -.106     380.3     -.029     513.7     -.034
    113.8      .092     247.1     -.218     380.5     -.392     513.8      .053
    113.9     -.250     247.3      .140     380.6      .232     513.9     -.155
    114.1      .166     247.4      .041     380.7     -.285     514.1     -.393
    114.2      .144     247.5     -.150     380.9     -.210     514.2      .360
    114.3     -.355     247.7      .242     381.0     .0084     514.3     -.186
    114.5      .362     247.8     -.262     381.1     -.271     514.5     -.475
    114.6     -.048     247.9     -.301     381.3     -.255     514.6      .365
    114.7     -.023     248.0     -.040     381.4      .050     514.7     .0068
    114.8     -.091     248.2      .082     381.5     -.071     514.8     -.361
    115.0      .023     248.3     -.163     381.6     -.024     515.0      .137
    115.1     .0085     248.4      .015     381.8      .434     515.1      .444
    115.2     -.102     248.6      .420     381.9      .086     515.2     -.276
    115.4     -.111     248.7     .0058     382.0      .158     515.4      .062
    115.5     -.171     248.8     -.258     382.2      .273     515.5      .411
    115.6     -.186     249.0      .389     382.3      .180     515.6      .038
    115.8      .319     249.1      .285     382.4     -.122     515.8     -.372
    115.9      .205     249.2     -.614     382.6     -.090     515.9      .518
    116.0     -.200     249.3      .164     382.7      .041     516.0      .043
    116.1      .132     249.5      .429     382.8    -.0074     516.1     -.233
    116.3      .275     249.6     -.315     382.9     -.339     516.3      .071
    116.4     -.134     249.7     -.043     383.1      .093     516.4     .0087
    116.5      .082     249.9      .483     383.2     -.277     516.5     -.462
    116.7      .254     250.0     -.464     383.3     -.322     516.7     -.144
    116.8     -.102     250.1     -.132     383.5      .220     516.8      .054
    116.9     -.330     250.3      .133     383.6     -.153     516.9     -.561
    117.1      .289     250.4      .153     383.7     -.125     517.1     -.030
    117.2      .116     250.5     -.334     383.9      .094     517.2      .429
    117.3     -.432     250.7      .061     384.0      .051     517.3     -.011
    117.4     -.017     250.8      .120     384.1     -.024     517.4     -.176
    117.6      .047     250.9     -.250     384.2      .505     517.6      .525
    117.7      .063     251.0      .208     384.4      .104     517.7      .071
    117.8     -.286     251.2      .341     384.5     -.282     517.8    -.0091
    118.0      .274     251.3     -.371     384.6      .158     518.0      .503
    118.1     -.114     251.4     -.116     384.8      .412     518.1      .407
    118.2     -.102     251.6      .364     384.9     -.401     518.2     -.263
    118.4     -.043     251.7     -.018     385.0     -.094     518.4      .026
    118.5      .095     251.8     -.168     385.2      .244     518.5      .077
    118.6      .275     252.0      .362     385.3     -.106     518.6     -.070
    118.8      .093     252.1     -.111     385.4     -.550     518.8     -.566
    118.9      .070     252.2     -.551     385.5      .105     518.9     -.119
    119.0      .253     252.3      .431     385.7      .127     519.0     -.273
    119.1      .122     252.5     -.118     385.8     -.361     519.1     -.293
    119.3     -.086     252.6     -.344     385.9     -.321     519.3      .021
    119.4     -.212     252.7     -.034     386.1      .501     519.4      .070
    119.5     -.023     252.9      .399     386.2     -.235     519.5     -.134
    119.7     -.089     253.0     -.197     386.3     -.032     519.7      .178
    119.8     -.131     253.1      .061     386.5      .519     519.8      .212
    119.9     -.030     253.3      .233     386.6     -.255     519.9      .217
    120.1     -.207     253.4     -.113     386.7     -.117     520.1      .441
    120.2     -.164     253.5     -.419     386.8      .338     520.2      .170
    120.3      .030     253.6      .366     387.0      .091     520.3      .227
    120.4      .378     253.8      .161     387.1     -.383     520.4      .018
    120.6      .058     253.9     -.211     387.2      .269     520.6     .0005
    120.7      .059     254.0     -.227     387.4      .070     520.7     -.170
    120.8      .318     254.2      .576     387.5     -.415     520.8     -.087
    121.0      .040     254.3     -.227     387.6      .176     521.0     -.025
    121.1     -.015     254.4     -.118     387.8      .036     521.1     -.609
    121.2      .169     254.6      .180     387.9     -.468     521.2     -.135
    121.4     -.122     254.7     -.108     388.0     -.220     521.4      .133
    121.5     -.078     254.8      .149     388.2      .334     521.5     -.308
    121.6      .073     254.9      .173     388.3     -.101     521.6     -.147
    121.7      .033     255.1      .228     388.4     -.343     521.7      .373
    121.9     -.309     255.2     -.140     388.5      .435     521.9      .078
    122.0      .136     255.3     -.112     388.7     -.025     522.0     -.106
    122.1     -.273     255.5     -.127     388.8     -.241     522.1      .717
    122.3     -.346     255.6     -.255     388.9      .422     522.3      .314
    122.4      .213     255.7      .048     389.1      .152     522.4     -.408
    122.5      .154     255.9      .248     389.2     -.455     522.5      .499
    122.7     -.492     256.0     -.047     389.3     -.014     522.7      .282
    122.8      .240     256.1      .079     389.5      .581     522.8     -.554
    122.9      .168     256.3      .111     389.6     -.269     522.9      .103
    123.0     -.465     256.4      .146     389.7     -.210     523.0      .198
    123.2    -.0004     256.5    -.0065     389.8      .241     523.2     -.600
    123.3      .521     256.6      .149     390.0     -.243     523.3     -.314
    123.4     -.318     256.8     -.138     390.1     -.299     523.4      .413
    123.6      .040     256.9      .250     390.2      .167     523.6     -.370
    123.7      .460     257.0     -.241     390.4     -.047     523.7     -.531
    123.8      .140     257.2      .210     390.5     -.220     523.8      .385
    124.0     -.125     257.3      .174     390.6     -.110     524.0      .165
    124.1      .139     257.4     -.466     390.8      .176     524.1     -.278
    124.2      .112     257.6     -.179     390.9     -.276     524.2      .570
    124.3     -.178     257.7      .410     391.0      .188     524.3      .569
    124.5     -.021     257.8     -.067     391.1      .062     524.5     -.435
    124.6     -.130     257.9     -.383     391.3     -.361     524.6      .122
    124.7     -.399     258.1      .316     391.4      .149     524.7      .782
    124.9     -.277     258.2      .147     391.5      .099     524.9     -.346
    125.0     -.078     258.3     -.209     391.7     -.053     525.0     -.305
    125.1     -.301     258.5      .056     391.8     -.068     525.1      .331
    125.3      .123     258.6      .467     391.9      .219     525.3     -.184
    125.4      .178     258.7     -.276     392.1     -.066     525.4     -.461
    125.5      .107     258.9     -.071     392.2     -.237     525.5      .021
    125.7     -.013     259.0      .320     392.3      .401     525.7     .0080
    125.8      .581     259.1      .286     392.4     -.111     525.8     -.440
    125.9      .207     259.2     -.392     392.6     -.186     525.9      .024
    126.0     -.277     259.4      .062     392.7      .134     526.0      .317
    126.2      .221     259.5      .049     392.8     -.168     526.2     -.124
    126.3      .184     259.6     -.011     393.0     -.104     526.3     -.011
    126.4     -.246     259.8      .123     393.1     -.051     526.4      .710
    126.6     -.128     259.9      .117     393.2     -.280     526.6     -.080
    126.7      .224     260.0     -.394     393.4     -.063     526.7      .036
    126.8     -.338     260.2     -.215     393.5     -.069     526.8      .458
    127.0     -.455     260.3      .045     393.6     -.034     527.0     -.061
    127.1      .013     260.4      .164     393.8     -.030     527.1     -.313
    127.2     -.030     260.5     -.108     393.9      .281     527.2      .231
    127.3     -.440     260.7      .063     394.0     -.242     527.3      .059
    127.5      .029     260.8      .223     394.1      .149     527.5     -.648
    127.6      .439     260.9     -.202     394.3      .297     527.6      .139
    127.7     -.077     261.1      .078     394.4      .067     527.7      .146
    127.9      .028     261.2      .028     394.5     -.065     527.9     -.547
    128.0      .545     261.3      .062     394.7     -.070     528.0     -.191
    128.1    -.0022     261.5     -.045     394.8      .366     528.1      .357
    128.3      .223     261.6      .119     394.9     -.296     528.3     -.228
    128.4      .068     261.7      .133     395.1     -.246     528.4     -.182
    128.5     -.103     261.8      .063     395.2      .173     528.5      .242
    128.6      .044     262.0     -.228     395.3     -.373     528.6      .123
    128.8      .030     262.1     -.134     395.4     -.425     528.8     -.141
    128.9     -.088     262.2     -.203     395.6      .056     528.9      .352
    129.0     -.433     262.4      .085     395.7      .101     529.0      .010
    129.2      .013     262.5      .125     395.8     -.010     529.2     -.064
    129.3     -.205     262.6     -.074     396.0      .028     529.3     -.213
    129.4     -.262     262.8     -.147     396.1      .350     529.4      .234
    129.6     -.136     262.9      .110     396.2      .145     529.6     -.063
    129.7     -.180     263.0     -.170     396.4      .336     529.7     -.051
    129.8      .241     263.2     -.094     396.5     -.036     529.8     -.175
    129.9      .254     263.3      .300     396.6      .064     529.9      .045
    130.1      .347     263.4      .038     396.7     -.106     530.1     -.090
    130.2      .301     263.5      .043     396.9    -.0042     530.2      .173
    130.3     -.043     263.7      .350     397.0     -.203     530.3     -.313
    130.5      .091     263.8     -.093     397.1     -.237     530.5     -.051
    130.6      .352     263.9      .352     397.3      .049     530.6    -.0082
    130.7     -.091     264.1     -.145     397.4     -.349     530.7     -.113
    130.9     -.347     264.2     -.204     397.5     -.155     530.9     -.044
    131.0      .091     264.3      .236     397.7      .053     531.0      .146
    131.1     -.052     264.5     -.091     397.8      .254     531.1     -.012
    131.3     -.310     264.6     -.058     397.9     -.348     531.3     -.169
    131.4     -.185     264.7     -.258     398.0      .260     531.4      .276
    131.5     -.072     264.8     -.278     398.2      .336     531.5      .023
    131.6     -.443     265.0     -.158     398.3     -.110     531.6     -.094
    131.8     -.240     265.1     -.070     398.4     -.076     531.8      .060
    131.9      .189     265.2      .051     398.6      .293     531.9      .377
    132.0      .117     265.4      .050     398.7     -.130     532.0     -.167
    132.2     -.041     265.5      .052     398.8     -.198     532.2     -.026
    132.3      .309     265.6      .018     399.0      .025     532.3      .318
    132.4      .427     265.8      .103     399.1      .272     532.4     -.171
    132.6     .0002     265.9      .330     399.2     -.183     532.6     -.346
    132.7     .0012     266.0     -.013     399.3     -.173     532.7      .128
    132.8      .238     266.1      .087     399.5      .065     532.8      .010
    132.9      .283     266.3     -.318     399.6     -.104     532.9     -.271
    133.1     -.345     266.4      .397     399.7     -.052     533.1      .253
    133.2      .152     266.5     -.080     399.9      .137     533.2      .021
