                               Waveform Amplitudes                              
                               *******************                              
       Equipment:    (CHPP) Cooling Pump for OAH-02
       Meas. Point:  2-COP-02  -M1H  -->  Motor Outboard Horizontal
       Date/Time:  28-Jun-24 08:19:52   Amplitude:  Acceleration in G-s
   
 Time (mS) Amplitude Time (mS) Amplitude Time (mS) Amplitude Time (mS) Amplitude
 --------- --------- --------- --------- --------- --------- --------- ---------
       0.      .643     400.0     -.782     800.0      .673    1200.0     -.801
     .391     -.862     400.4      .753     800.4     -.904    1200.4      .682
     .781      .821     400.8    -1.058     800.8      .878    1200.8     -.986
    1.172     -.959     401.2      .853     801.2     -.959    1201.2      .777
    1.563      .997     401.6    -1.066     801.6      .916    1201.6     -.913
    1.953     -.927     402.0      .817     802.0     -.926    1202.0      .779
    2.344      .728     402.3     -.724     802.3      .607    1202.3     -.652
    2.734     -.362     402.7      .333     802.7     -.393    1202.7      .194
    3.125      .137     403.1      .103     803.1     -.135    1203.1     .0047
    3.516      .338     403.5     -.254     803.5      .198    1203.5     -.394
    3.906     -.441     403.9      .674     803.9     -.712    1203.9      .546
    4.297      .643     404.3     -.524     804.3      .618    1204.3     -.699
    4.688     -.567     404.7      .854     804.7     -.756    1204.7      .712
    5.078      .747     405.1     -.635     805.1      .739    1205.1     -.689
    5.469     -.574     405.5      .612     805.5     -.566    1205.5      .668
    5.859      .345     405.9     -.330     805.9      .454    1205.9     -.267
    6.250      .031     406.3      .030     806.3      .115    1206.3      .106
    6.641     -.072     406.6      .173     806.6      .013    1206.6      .222
    7.031      .422     407.0     -.306     807.0      .522    1207.0     -.272
    7.422     -.332     407.4      .541     807.4     -.324    1207.4      .455
    7.813      .623     407.8     -.368     807.8      .643    1207.8     -.558
    8.203     -.398     408.2      .740     808.2     -.545    1208.2      .544
    8.594      .700     408.6     -.462     808.6      .672    1208.6     -.764
    8.984     -.522     409.0      .630     809.0     -.616    1209.0      .477
    9.375      .354     409.4     -.221     809.4      .276    1209.4     -.380
    9.766     -.064     409.8     -.061     809.8     -.068    1209.8    -.0033
    10.16     -.205     410.2      .228     810.2     -.278    1210.2      .202
    10.55      .317     410.5     -.582     810.5      .511    1210.5     -.449
    10.94     -.528     410.9      .586     810.9     -.644    1210.9      .706
    11.33      .664     411.3     -.794     811.3      .909    1211.3     -.705
    11.72     -.725     411.7      .892     811.7     -.856    1211.7     1.060
    12.11      .845     412.1     -.900     812.1     1.108    1212.1    -1.028
    12.50     -.806     412.5      .913     812.5     -.908    1212.5      .977
    12.89      .698     412.9     -.571     812.9      .745    1212.9     -.711
    13.28     -.462     413.3      .436     813.3     -.414    1213.3      .446
    13.67      .195     413.7     -.086     813.7      .146    1213.7     -.190
    14.06     -.062     414.1     -.049     814.1      .104    1214.1     -.174
    14.45     -.110     414.5      .284     814.5     -.322    1214.5      .382
    14.84      .319     414.8     -.319     814.8      .495    1214.8     -.398
    15.23     -.431     415.2      .539     815.2     -.476    1215.2      .735
    15.63      .505     415.6     -.470     815.6      .668    1215.6     -.525
    16.02     -.350     416.0      .423     816.0     -.334    1216.0      .628
    16.41      .341     416.4     -.086     816.4      .318    1216.4     -.073
    16.80      .015     416.8      .059     816.8      .147    1216.8      .202
    17.19     -.022     417.2      .216     817.2      .019    1217.2      .199
    17.58      .288     417.6     -.230     817.6      .393    1217.6     -.223
    17.97     -.266     418.0      .385     818.0     -.283    1218.0      .487
    18.36      .530     418.4     -.494     818.4      .588    1218.4     -.565
    18.75     -.780     418.8      .625     818.8     -.610    1218.8      .653
    19.14      .714     419.1     -.783     819.1      .724    1219.1     -.768
    19.53     -.816     419.5      .534     819.5     -.637    1219.5      .578
    19.92      .470     419.9     -.450     819.9      .325    1219.9     -.377
    20.31     -.429     420.3      .134     820.3     -.264    1220.3      .169
    20.70     .0005     420.7      .016     820.7     -.043    1220.7      .107
    21.09      .028     421.1     -.186     821.1      .129    1221.1     -.156
    21.48     -.289     421.5      .409     821.5     -.335    1221.5      .513
    21.88      .442     421.9     -.581     821.9      .525    1221.9     -.565
    22.27     -.850     422.3      .803     822.3     -.777    1222.3      .816
    22.66      .836     422.7     -.921     822.7      .854    1222.7     -.791
    23.05     -.994     423.0      .734     823.0     -.782    1223.0      .734
    23.44      .672     423.4     -.784     823.4      .708    1223.4     -.651
    23.83     -.713     423.8      .388     823.8     -.503    1223.8      .368
    24.22      .337     424.2     -.371     824.2      .316    1224.2     -.189
    24.61     -.177     424.6      .032     824.6     -.050    1224.6      .092
    25.00     -.014     425.0      .099     825.0     -.029    1225.0      .175
    25.39      .325     425.4     -.391     825.4      .341    1225.4     -.307
    25.78     -.451     425.8      .549     825.8     -.559    1225.8      .555
    26.17      .631     426.2     -.460     826.2      .499    1226.2     -.320
    26.56     -.426     426.6      .479     826.6     -.418    1226.6      .402
    26.95      .341     427.0     -.241     827.0      .304    1227.0     -.193
    27.34     -.260     427.3      .151     827.3     -.220    1227.3      .135
    27.73      .017     427.7     -.027     827.7      .042    1227.7      .077
    28.13     -.011     428.1     -.212     828.1      .134    1228.1     -.078
    28.52     -.405     428.5      .246     828.5     -.304    1228.5      .273
    28.91      .442     428.9     -.784     828.9      .566    1228.9     -.638
    29.30     -.874     429.3      .695     829.3     -.867    1229.3      .728
    29.69      .842     429.7     -.999     829.7      .825    1229.7     -.834
    30.08     -.946     430.1      .727     830.1     -.883    1230.1      .639
    30.47      .759     430.5     -.717     830.5      .572    1230.5     -.656
    30.86     -.653     430.9      .479     830.9     -.632    1230.9      .377
    31.25      .502     431.3     -.364     831.3      .235    1231.3     -.295
    31.64     -.422     431.6      .159     831.6     -.276    1231.6      .091
    32.03     -.084     432.0      .058     832.0     -.292    1232.0      .093
    32.42      .178     432.4     -.564     832.4      .293    1232.4     -.512
    32.81     -.753     432.8      .597     832.8     -.787    1232.8      .595
    33.20      .637     433.2     -.997     833.2      .757    1233.2     -.827
    33.59    -1.025     433.6      .777     833.6     -.908    1233.6      .679
    33.98      .827     434.0     -.956     834.0      .687    1234.0     -.762
    34.38     -.710     434.4      .607     834.4     -.609    1234.4      .476
    34.77      .591     434.8     -.510     834.8      .498    1234.8     -.390
    35.16     -.310     435.2      .290     835.2     -.209    1235.2      .110
    35.55      .135     435.5      .042     835.5     -.120    1235.5      .108
    35.94      .327     435.9     -.307     835.9      .308    1235.9     -.398
    36.33     -.374     436.3      .498     836.3     -.503    1236.3      .496
    36.72      .442     436.7     -.467     836.7      .518    1236.7     -.483
    37.11     -.511     437.1      .491     837.1     -.549    1237.1      .468
    37.50      .429     437.5     -.413     837.5      .392    1237.5     -.381
    37.89     -.310     437.9      .348     837.9     -.357    1237.9      .302
    38.28      .219     438.3     -.213     838.3      .217    1238.3     -.210
    38.67     -.093     438.7      .023     838.7     -.088    1238.7     -.068
    39.06     -.166     439.1      .281     839.1     -.325    1239.1      .271
    39.45      .573     439.5     -.572     839.5      .545    1239.5     -.709
    39.84     -.722     439.8      .820     839.8     -.857    1239.8      .679
    40.23      .899     440.2     -.939     840.2      .837    1240.2     -.951
    40.63     -.897     440.6      .846     840.6     -.973    1240.6      .769
    41.02      .896     441.0    -1.005     841.0      .860    1241.0     -.914
    41.41     -.843     441.4      .743     841.4     -.878    1241.4      .686
    41.80      .757     441.8     -.854     841.8      .742    1241.8     -.750
    42.19     -.573     442.2      .325     842.2     -.537    1242.2      .380
    42.58      .191     442.6     -.191     842.6      .153    1242.6     -.148
    42.97      .160     443.0     -.230     843.0      .127    1243.0     -.354
    43.36     -.356     443.4      .579     843.4     -.566    1243.4      .410
    43.75      .660     443.8     -.629     843.8      .568    1243.8     -.736
    44.14     -.605     444.1      .918     844.1     -.852    1244.1      .735
    44.53      .785     444.5     -.584     844.5      .739    1244.5     -.752
    44.92     -.495     444.9      .895     844.9     -.735    1244.9      .658
    45.31      .638     445.3     -.459     845.3      .576    1245.3     -.522
    45.70     -.220     445.7      .292     845.7     -.213    1245.7      .321
    46.09      .063     446.1      .038     846.1      .116    1246.1      .100
    46.48      .289     446.5     -.243     846.5      .434    1246.5     -.222
    46.88     -.299     446.9      .362     846.9     -.227    1246.9      .435
    47.27      .488     447.3     -.469     847.3      .653    1247.3     -.490
    47.66     -.406     447.7      .565     847.7     -.384    1247.7      .504
    48.05      .547     448.0     -.356     848.0      .670    1248.0     -.578
    48.44     -.370     448.4      .681     848.4     -.536    1248.4      .509
    48.83      .450     448.8     -.226     848.8      .438    1248.8     -.532
    49.22     -.139     449.2      .260     849.2     -.274    1249.2      .120
    49.61     -.061     449.6      .249     849.6     -.182    1249.6      .062
    50.00      .341     450.0     -.439     850.0      .345    1250.0     -.403
    50.39     -.549     450.4      .598     850.4     -.662    1250.4      .619
    50.78      .610     450.8     -.855     850.8      .788    1250.8     -.769
    51.17     -.736     451.2      .761     851.2     -.844    1251.2      .906
    51.56      .848     451.6     -.956     851.6     1.058    1251.6     -.871
    51.95     -.843     452.0      .862     852.0     -.923    1252.0     1.075
    52.34      .739     452.3     -.766     852.3      .920    1252.3     -.849
    52.73     -.586     452.7      .586     852.7     -.572    1252.7      .607
    53.13      .366     453.1     -.197     853.1      .345    1253.1     -.275
    53.52     -.100     453.5      .051     853.5    -.0081    1253.5      .027
    53.91     -.114     453.9      .298     853.9     -.243    1253.9      .275
    54.30      .275     454.3     -.285     854.3      .439    1254.3     -.455
    54.69     -.320     454.7      .547     854.7     -.490    1254.7      .604
    55.08      .550     455.1     -.476     855.1      .656    1255.1     -.575
    55.47     -.505     455.5      .563     855.5     -.499    1255.5      .683
    55.86      .439     455.9     -.260     855.9      .527    1255.9     -.355
    56.25     -.134     456.3      .235     856.3    -.0050    1256.3      .278
    56.64      .069     456.6      .137     856.6      .093    1256.6      .208
    57.03      .243     457.0     -.101     857.0      .329    1257.0     -.098
    57.42     -.221     457.4      .392     857.4     -.215    1257.4      .470
    57.81      .465     457.8     -.297     857.8      .516    1257.8     -.373
    58.20     -.408     458.2      .515     858.2     -.440    1258.2      .672
    58.59      .642     458.6     -.606     858.6      .647    1258.6     -.638
    58.98     -.752     459.0      .582     859.0     -.655    1259.0      .661
    59.38      .559     459.4     -.523     859.4      .505    1259.4     -.527
    59.77     -.437     459.8      .171     859.8     -.304    1259.8      .245
    60.16      .042     460.2     -.081     860.2    -.0078    1260.2    -.0084
    60.55     -.022     460.5     -.256     860.5      .103    1260.5     -.215
    60.94     -.357     460.9      .397     860.9     -.345    1260.9      .402
    61.33      .407     461.3     -.442     861.3      .444    1261.3     -.432
    61.72     -.708     461.7      .731     861.7     -.665    1261.7      .798
    62.11      .737     462.1     -.856     862.1      .752    1262.1     -.800
    62.50    -1.026     462.5      .910     862.5     -.892    1262.5      .884
    62.89      .791     462.9     -.767     862.9      .735    1262.9     -.663
    63.28     -.814     463.3      .578     863.3     -.630    1263.3      .554
    63.67      .403     463.7     -.478     863.7      .441    1263.7     -.375
    64.06     -.350     464.1      .051     864.1     -.139    1264.1      .083
    64.45      .032     464.5     -.021     864.5      .066    1264.5      .069
    64.84      .153     464.8     -.225     864.8      .273    1264.8     -.140
    65.23     -.387     465.2      .405     865.2     -.324    1265.2      .377
    65.63      .543     465.6     -.582     865.6      .583    1265.6     -.517
    66.02     -.508     466.0      .587     866.0     -.506    1266.0      .479
    66.41      .481     466.4     -.303     866.4      .385    1266.4     -.173
    66.80     -.253     466.8      .324     866.8     -.238    1266.8      .211
    67.19      .091     467.2    -.0072     867.2      .064    1267.2     .0035
    67.58      .026     467.6     -.092     867.6      .036    1267.6     -.060
    67.97     -.203     468.0      .208     868.0     -.222    1268.0      .334
    68.36      .273     468.4     -.491     868.4      .395    1268.4     -.307
    68.75     -.733     468.8      .531     868.8     -.668    1268.8      .575
    69.14      .692     469.1     -.966     869.1      .762    1269.1     -.842
    69.53     -.944     469.5      .675     869.5     -.911    1269.5      .745
    69.92      .712     469.9     -.834     869.9      .678    1269.9     -.687
    70.31     -.765     470.3      .452     870.3     -.626    1270.3      .395
    70.70      .383     470.7     -.351     870.7      .239    1270.7     -.422
    71.09     -.284     471.1      .127     871.1     -.277    1271.1      .056
    71.48      .073     471.5      .040     871.5     -.116    1271.5      .071
    71.88      .127     471.9     -.359     871.9      .214    1271.9     -.373
    72.27     -.602     472.3      .549     872.3     -.684    1272.3      .479
    72.66      .701     472.7     -.932     872.7      .658    1272.7     -.828
    73.05    -1.003     473.0      .815     873.0     -.936    1273.0      .757
    73.44      .874     473.4    -1.079     873.4      .854    1273.4     -.852
    73.83     -.977     473.8      .684     873.8     -.725    1273.8      .560
    74.22      .656     474.2     -.667     874.2      .510    1274.2     -.535
    74.61     -.457     474.6      .387     874.6     -.333    1274.6      .260
    75.00      .367     475.0     -.112     875.0      .171    1275.0     -.065
    75.39      .076     475.4     -.109     875.4      .181    1275.4     -.267
    75.78     -.234     475.8      .472     875.8     -.453    1275.8      .442
    76.17      .580     476.2     -.467     876.2      .488    1276.2     -.522
    76.56     -.388     476.6      .567     876.6     -.530    1276.6      .490
    76.95      .493     477.0     -.434     877.0      .445    1277.0     -.437
    77.34     -.387     477.3      .347     877.3     -.364    1277.3      .295
    77.73      .253     477.7     -.256     877.7      .209    1277.7     -.192
    78.13     -.207     478.1      .096     878.1     -.101    1278.1      .053
    78.52     -.043     478.5      .063     878.5     -.117    1278.5      .091
    78.91      .256     478.9     -.422     878.9      .356    1278.9     -.526
    79.30     -.635     479.3      .671     879.3     -.746    1279.3      .677
    79.69      .802     479.7     -.833     879.7      .810    1279.7     -.931
    80.08     -.874     480.1      .961     880.1    -1.012    1280.1      .797
    80.47      .939     480.5     -.876     880.5      .813    1280.5     -.928
    80.86     -.735     480.9      .725     880.9     -.882    1280.9      .691
    81.25      .787     481.3     -.763     881.3      .668    1281.3     -.702
    81.64     -.566     481.6      .462     881.6     -.595    1281.6      .443
    82.03      .386     482.0     -.401     882.0      .283    1282.0     -.398
    82.42      .037     482.4     -.223     882.4     .0051    1282.4     -.198
    82.81     -.318     482.8      .348     882.8     -.375    1282.8      .338
    83.20      .560     483.2     -.719     883.2      .614    1283.2     -.783
    83.59     -.771     483.6      .889     883.6     -.876    1283.6      .659
    83.98      .843     484.0     -.746     884.0      .766    1284.0     -.905
    84.38     -.664     484.4      .947     884.4     -.844    1284.4      .756
    84.77      .731     484.8     -.459     884.8      .684    1284.8     -.619
    85.16     -.434     485.2      .710     885.2     -.524    1285.2      .471
    85.55      .346     485.5     -.088     885.5      .253    1285.5     -.138
    85.94      .220     485.9     -.042     885.9      .162    1285.9     -.025
    86.33     -.164     486.3      .332     886.3     -.166    1286.3      .433
    86.72      .479     486.7     -.444     886.7      .611    1286.7     -.407
    87.11     -.362     487.1      .470     887.1     -.366    1287.1      .565
    87.50      .518     487.5     -.485     887.5      .659    1287.5     -.515
    87.89     -.334     487.9      .512     887.9     -.335    1287.9      .484
    88.28      .447     488.3     -.300     888.3      .506    1288.3     -.465
    88.67     -.244     488.7      .409     888.7     -.323    1288.7      .181
    89.06      .093     489.1      .133     889.1     -.014    1289.1     -.111
    89.45      .245     489.5     -.173     889.5      .182    1289.5     -.349
    89.84     -.419     489.8      .664     889.8     -.647    1289.8      .480
    90.23      .634     490.2     -.720     890.2      .687    1290.2     -.785
    90.63     -.693     490.6      .826     890.6     -.930    1290.6      .900
    91.02      .754     491.0     -.890     891.0      .951    1291.0     -.925
    91.41     -.759     491.4      .822     891.4     -.882    1291.4     1.042
    91.80      .819     491.8     -.884     891.8     1.010    1291.8     -.870
    92.19     -.664     492.2      .620     892.2     -.689    1292.2      .848
    92.58      .449     492.6     -.357     892.6      .558    1292.6     -.416
    92.97     -.195     493.0      .155     893.0     -.077    1293.0      .122
    93.36     -.017     493.4      .254     893.4     -.119    1293.4      .190
    93.75      .299     493.8     -.304     893.8      .406    1293.8     -.385
    94.14     -.340     494.1      .609     894.1     -.558    1294.1      .601
    94.53      .517     494.5     -.406     894.5      .648    1294.5     -.663
    94.92     -.428     494.9      .679     894.9     -.599    1294.9      .709
    95.31      .610     495.3     -.494     895.3      .634    1295.3     -.546
    95.70     -.337     495.7      .403     895.7     -.303    1295.7      .478
    96.09      .225     496.1     7.2-5     896.1      .270    1296.1     -.031
    96.48      .078     496.5    -.0099     896.5      .287    1296.5     -.036
    96.88     -.106     496.9      .302     896.9     -.083    1296.9      .447
    97.27      .350     497.3     -.266     897.3      .517    1297.3     -.289
    97.66     -.336     497.7      .462     897.7     -.310    1297.7      .628
    98.05      .505     498.0     -.345     898.0      .571    1298.0     -.448
    98.44     -.542     498.4      .527     898.4     -.528    1298.4      .704
    98.83      .587     498.8     -.560     898.8      .500    1298.8     -.545
    99.22     -.537     499.2      .316     899.2     -.398    1299.2      .419
    99.61      .184     499.6     -.164     899.6      .043    1299.6     -.119
    100.0     -.055     500.0     -.202     900.0      .084    1300.0     -.184
    100.4     -.340     500.4      .252     900.4     -.419    1300.4      .395
    100.8      .354     500.8     -.528     900.8      .470    1300.8     -.586
    101.2     -.646     501.2      .606     901.2     -.564    1301.2      .686
    101.6      .653     501.6     -.661     901.6      .724    1301.6     -.756
    102.0     -.952     502.0      .909     902.0     -.828    1302.0      .919
    102.3      .833     502.3     -.832     902.3      .821    1302.3     -.818
    102.7     -.887     502.7      .739     902.7     -.695    1302.7      .716
    103.1      .525     503.1     -.527     903.1      .513    1303.1     -.411
    103.5     -.458     503.5      .241     903.5     -.283    1303.5      .299
    103.9      .036     503.9     -.104     903.9      .055    1303.9     .0068
    104.3      .065     504.3     -.263     904.3      .207    1304.3     -.153
    104.7     -.285     504.7      .236     904.7     -.170    1304.7      .319
    105.1      .458     505.1     -.524     905.1      .533    1305.1     -.390
    105.5     -.618     505.5      .537     905.5     -.508    1305.5      .504
    105.9      .597     505.9     -.529     905.9      .564    1305.9     -.430
    106.3     -.381     506.3      .363     906.3     -.293    1306.3      .238
    106.6      .263     506.6     -.119     906.6      .183    1306.6    -.0033
    107.0     -.056     507.0      .059     907.0     -.014    1307.0      .015
    107.4     -.159     507.4      .224     907.4     -.193    1307.4      .239
    107.8      .225     507.8     -.300     907.8      .232    1307.8     -.233
    108.2     -.441     508.2      .409     908.2     -.483    1308.2      .528
    108.6      .511     508.6     -.742     908.6      .581    1308.6     -.542
    109.0     -.930     509.0      .639     909.0     -.856    1309.0      .765
    109.4      .661     509.4     -.904     909.4      .708    1309.4     -.737
    109.8     -.785     509.8      .414     909.8     -.680    1309.8      .480
    110.2      .427     510.2     -.528     910.2      .320    1310.2     -.394
    110.5     -.388     510.5      .049     910.5     -.220    1310.5      .071
    110.9     .0057     510.9      .042     910.9     -.102    1310.9     -.038
    111.3      .083     511.3     -.233     911.3      .140    1311.3     -.293
    111.7     -.307     511.7      .475     911.7     -.560    1311.7      .380
    112.1      .604     512.1     -.782     912.1      .625    1312.1     -.732
    112.5     -.922     512.5      .887     912.5    -1.009    1312.5      .778
    112.9      .911     512.9    -1.032     912.9      .799    1312.9     -.871
    113.3     -.993     513.3      .799     913.3     -.935    1313.3      .710
    113.7      .787     513.7     -.865     913.7      .652    1313.7     -.612
    114.1     -.697     514.1      .376     914.1     -.411    1314.1      .344
    114.5      .352     514.5     -.317     914.5      .257    1314.5     -.195
    114.8     -.120     514.8      .028     914.8      .040    1314.8     -.026
    115.2     -.071     515.2      .240     915.2     -.212    1315.2      .262
    115.6      .416     515.6     -.480     915.6      .520    1315.6     -.540
    116.0     -.485     516.0      .655     916.0     -.577    1316.0      .551
    116.4      .610     516.4     -.471     916.4      .458    1316.4     -.475
    116.8     -.405     516.8      .477     916.8     -.479    1316.8      .397
    117.2      .378     517.2     -.284     917.2      .198    1317.2     -.226
    117.6     -.233     517.6      .121     917.6     -.143    1317.6      .059
    118.0      .049     518.0     .0019     918.0     -.099    1318.0      .091
    118.4      .041     518.4     -.206     918.4      .185    1318.4     -.303
    118.8     -.455     518.8      .445     918.8     -.543    1318.8      .450
    119.1      .533     519.1     -.778     919.1      .755    1319.1     -.902
    119.5     -.895     519.5      .859     919.5     -.929    1319.5      .807
    119.9      .895     519.9     -.909     919.9      .870    1319.9     -.981
    120.3     -.885     520.3      .834     920.3     -.877    1320.3      .711
    120.7      .747     520.7     -.662     920.7      .609    1320.7     -.717
    121.1     -.512     521.1      .461     921.1     -.571    1321.1      .457
    121.5      .529     521.5     -.397     921.5      .309    1321.5     -.362
    121.9     -.137     521.9     -.012     921.9     -.179    1321.9      .037
    122.3     -.166     522.3      .175     922.3     -.349    1322.3      .184
    122.7      .548     522.7     -.728     922.7      .552    1322.7     -.674
    123.0     -.690     523.0      .720     923.0     -.843    1323.0      .687
    123.4      .858     523.4     -.982     923.4      .885    1323.4     -.981
    123.8     -.902     523.8      .972     923.8     -.972    1323.8      .746
    124.2      .772     524.2     -.671     924.2      .721    1324.2     -.801
    124.6     -.491     524.6      .755     924.6     -.658    1324.6      .573
    125.0      .521     525.0     -.211     925.0      .465    1325.0     -.378
    125.4     -.098     525.4      .306     925.4     -.173    1325.4      .115
    125.8     -.072     525.8      .388     925.8     -.169    1325.8      .265
    126.2      .509     526.2     -.314     926.2      .405    1326.2     -.299
    126.6     -.328     526.6      .522     926.6     -.391    1326.6      .601
    127.0      .549     527.0     -.519     927.0      .613    1327.0     -.437
    127.3     -.366     527.3      .441     927.3     -.377    1327.3      .514
    127.7      .407     527.7     -.396     927.7      .510    1327.7     -.328
    128.1     -.208     528.1      .304     928.1     -.225    1328.1      .332
    128.5      .229     528.5     -.163     928.5      .261    1328.5     -.248
    128.9      .032     528.9     -.049     928.9      .117    1328.9     -.223
    129.3     -.304     529.3      .503     929.3     -.493    1329.3      .333
    129.7      .627     529.7     -.585     929.7      .604    1329.7     -.776
    130.1     -.669     530.1      .880     930.1     -.911    1330.1      .765
    130.5      .812     530.5     -.839     930.5      .869    1330.5     -.992
    130.9     -.701     530.9      .852     930.9     -.936    1330.9      .934
    131.3      .789     531.3     -.752     931.3      .889    1331.3     -.821
    131.6     -.630     531.6      .714     931.6     -.713    1331.6      .968
    132.0      .544     532.0     -.585     932.0      .695    1332.0     -.579
    132.4     -.307     532.4      .188     932.4     -.192    1332.4      .413
    132.8      .031     532.8      .097     932.8      .020    1332.8      .106
    133.2      .155     533.2     -.280     933.2      .409    1333.2     -.277
    133.6     -.426     533.6      .588     933.6     -.548    1333.6      .552
    134.0      .517     534.0     -.578     934.0      .733    1334.0     -.681
    134.4     -.480     534.4      .704     934.4     -.719    1334.4      .723
    134.8      .601     534.8     -.404     934.8      .711    1334.8     -.622
    135.2     -.447     535.2      .618     935.2     -.574    1335.2      .644
    135.5      .399     535.5     -.269     935.5      .396    1335.5     -.287
    135.9     -.014     535.9      .082     935.9      .016    1335.9      .165
    136.3     -.055     536.3      .236     936.3     -.026    1336.3      .337
    136.7      .251     536.7     -.214     936.7      .472    1336.7     -.179
    137.1     -.314     537.1      .412     937.1     -.272    1337.1      .607
    137.5      .433     537.5     -.376     937.5      .592    1337.5     -.341
    137.9     -.407     537.9      .443     937.9     -.323    1337.9      .618
    138.3      .524     538.3     -.380     938.3      .559    1338.3     -.435
    138.7     -.556     538.7      .412     938.7     -.433    1338.7      .488
    139.1      .330     539.1     -.291     939.1      .193    1339.1     -.230
    139.5     -.114     539.5     -.071     939.5     .0097    1339.5     -.070
    139.8     -.268     539.8      .211     939.8     -.330    1339.8      .279
    140.2      .315     540.2     -.505     940.2      .399    1340.2     -.538
    140.6     -.657     540.6      .529     940.6     -.686    1340.6      .672
    141.0      .627     541.0     -.706     941.0      .658    1341.0     -.698
    141.4     -.799     541.4      .744     941.4     -.684    1341.4      .855
    141.8      .793     541.8     -.773     941.8      .861    1341.8     -.859
    142.2     -.965     542.2      .797     942.2     -.792    1342.2      .828
    142.6      .657     542.6     -.611     942.6      .616    1342.6     -.578
    143.0     -.543     543.0      .381     943.0     -.342    1343.0      .373
    143.4      .125     543.4     -.155     943.4      .171    1343.4     -.150
    143.8     -.046     543.8     -.142     943.8      .086    1343.8     -.066
    144.1     -.353     544.1      .216     944.1     -.312    1344.1      .291
    144.5      .376     544.5     -.463     944.5      .412    1344.5     -.240
    144.9     -.561     544.9      .482     944.9     -.446    1344.9      .547
    145.3      .593     545.3     -.677     945.3      .629    1345.3     -.421
    145.7     -.628     545.7      .479     945.7     -.475    1345.7      .487
    146.1      .386     546.1     -.325     946.1      .336    1346.1     -.126
    146.5     -.124     546.5      .107     946.5     -.018    1346.5      .106
    146.9      .011     546.9      .111     946.9     -.015    1346.9      .174
    147.3      .233     547.3     -.196     947.3      .259    1347.3     -.208
    147.7     -.355     547.7      .387     947.7     -.350    1347.7      .342
    148.0      .460     548.0     -.445     948.0      .432    1348.0     -.386
    148.4     -.648     548.4      .580     948.4     -.645    1348.4      .627
    148.8      .684     548.8     -.828     948.8      .664    1348.8     -.690
    149.2     -.862     549.2      .542     949.2     -.720    1349.2      .638
    149.6      .434     549.6     -.621     949.6      .419    1349.6     -.498
    150.0     -.478     550.0      .101     950.0     -.345    1350.0      .195
    150.4      .017     550.4     -.093     950.4     -.076    1350.4     -.034
    150.8      .034     550.8     -.328     950.8      .190    1350.8     -.260
    151.2     -.388     551.2      .365     951.2     -.425    1351.2      .281
    151.6      .449     551.6     -.536     951.6      .512    1351.6     -.654
    152.0     -.794     552.0      .816     952.0     -.921    1352.0      .661
    152.3      .959     552.3    -1.008     952.3      .852    1352.3     -.976
    152.7    -1.059     552.7      .884     952.7     -.982    1352.7      .734
    153.1      .827     553.1     -.891     953.1      .696    1353.1     -.825
    153.5     -.822     553.5      .535     953.5     -.677    1353.5      .497
    153.9      .442     553.9     -.499     953.9      .298    1353.9     -.310
    154.3     -.257     554.3     -.027     954.3     -.035    1354.3      .092
    154.7     -.021     554.7      .047     954.7     -.057    1354.7      .145
    155.1      .264     555.1     -.356     955.1      .336    1355.1     -.277
    155.5     -.468     555.5      .559     955.5     -.573    1355.5      .556
    155.9      .683     555.9     -.607     955.9      .604    1355.9     -.525
    156.3     -.483     556.3      .590     956.3     -.509    1356.3      .464
    156.6      .489     556.6     -.318     956.6      .281    1356.6     -.307
    157.0     -.209     557.0      .316     957.0     -.313    1357.0      .124
    157.4      .124     557.4     -.030     957.4     -.065    1357.4     -.022
    157.8      .027     557.8     -.149     957.8      .121    1357.8     -.236
    158.2     -.283     558.2      .225     958.2     -.348    1358.2      .304
    158.6      .402     558.6     -.591     958.6      .497    1358.6     -.671
    159.0     -.829     559.0      .702     959.0     -.844    1359.0      .731
    159.4      .779     559.4     -.945     959.4      .891    1359.4     -.983
    159.8     -.918     559.8      .762     959.8     -.857    1359.8      .712
    160.2      .756     560.2     -.746     960.2      .679    1360.2     -.750
    160.5     -.583     560.5      .516     960.5     -.562    1360.5      .400
    160.9      .468     560.9     -.353     960.9      .273    1360.9     -.400
    161.3     -.123     561.3      .154     961.3     -.217    1361.3      .088
    161.7      .092     561.7      .011     961.7     -.194    1361.7      .016
    162.1      .434     562.1     -.542     962.1      .361    1362.1     -.525
    162.5     -.668     562.5      .650     962.5     -.867    1362.5      .619
    162.9      .865     562.9     -.994     962.9      .823    1362.9     -.967
    163.3     -.900     563.3      .841     963.3    -1.067    1363.3      .880
    163.7      .879     563.7     -.930     963.7      .895    1363.7     -.951
    164.1     -.745     564.1      .729     964.1     -.767    1364.1      .643
    164.5      .547     564.5     -.381     964.5      .545    1364.5     -.563
    164.8     -.194     564.8      .457     964.8     -.331    1364.8      .346
    165.2      .181     565.2      .111     965.2      .090    1365.2     -.047
    165.6      .389     565.6     -.170     965.6      .316    1365.6     -.282
    166.0     -.314     566.0      .623     966.0     -.453    1366.0      .469
    166.4      .683     566.4     -.444     966.4      .602    1366.4     -.427
    166.8     -.295     566.8      .533     966.8     -.471    1366.8      .570
    167.2      .515     567.2     -.446     967.2      .575    1367.2     -.366
    167.6     -.247     567.6      .282     967.6     -.253    1367.6      .319
    168.0      .214     568.0     -.193     968.0      .317    1368.0     -.140
    168.4     -.019     568.4      .080     968.4      .012    1368.4      .111
    168.8     -.200     568.8      .207     968.8     -.120    1368.8      .180
    169.1      .425     569.1     -.475     969.1      .547    1369.1     -.612
    169.5     -.705     569.5      .811     969.5     -.783    1369.5      .644
    169.9      .810     569.9     -.776     969.9      .856    1369.9    -1.009
    170.3     -.792     570.3      .920     970.3     -.977    1370.3      .866
    170.7      .801     570.7     -.771     970.7      .863    1370.7    -1.014
    171.1     -.584     571.1      .732     971.1     -.788    1371.1      .760
    171.5      .634     571.5     -.539     971.5      .668    1371.5     -.669
    171.9     -.369     571.9      .405     971.9     -.398    1371.9      .569
    172.3      .099     572.3     -.109     972.3      .159    1372.3     -.088
    172.7      .146     572.7     -.256     972.7      .320    1372.7     -.107
    173.0     -.370     573.0      .465     973.0     -.492    1373.0      .571
    173.4      .471     573.4     -.574     973.4      .783    1373.4     -.624
    173.8     -.639     573.8      .747     973.8     -.773    1373.8      .862
    174.2      .586     574.2     -.590     974.2      .824    1374.2     -.744
    174.6     -.443     574.6      .682     974.6     -.624    1374.6      .736
    175.0      .527     575.0     -.351     975.0      .609    1375.0     -.548
    175.4     -.226     575.4      .352     975.4     -.292    1375.4      .332
    175.8      .076     575.8      .117     975.8      .035    1375.8      .031
    176.2      .319     576.2     -.199     976.2      .344    1376.2     -.151
    176.6     -.209     576.6      .444     976.6     -.261    1376.6      .502
    177.0      .421     577.0     -.329     977.0      .603    1377.0     -.295
    177.3     -.395     577.3      .484     977.3     -.319    1377.3      .653
    177.7      .453     577.7     -.326     977.7      .540    1377.7     -.265
    178.1     -.368     578.1      .417     978.1     -.234    1378.1      .586
    178.5      .416     578.5     -.296     978.5      .437    1378.5     -.287
    178.9     -.303     578.9      .171     978.9     -.136    1378.9      .140
    179.3     -.105     579.3      .096     979.3     -.184    1379.3      .160
    179.7      .316     579.7     -.406     979.7      .343    1379.7     -.515
    180.1     -.598     580.1      .481     980.1     -.616    1380.1      .597
    180.5      .605     580.5     -.700     980.5      .644    1380.5     -.880
    180.9     -.798     580.9      .647     980.9     -.779    1380.9      .793
    181.3      .749     581.3     -.718     981.3      .673    1381.3     -.756
    181.6     -.845     581.6      .738     981.6     -.730    1381.6      .889
    182.0      .737     582.0     -.704     982.0      .762    1382.0     -.756
    182.4     -.706     582.4      .511     982.4     -.442    1382.4      .542
    182.8      .315     582.8     -.210     982.8      .251    1382.8     -.182
    183.2     -.116     583.2      .012     983.2      .024    1383.2      .019
    183.6     -.234     583.6      .205     983.6     -.161    1383.6      .215
    184.0      .327     584.0     -.435     984.0      .444    1384.0     -.403
    184.4     -.534     584.4      .491     984.4     -.445    1384.4      .484
    184.8      .592     584.8     -.530     984.8      .533    1384.8     -.392
    185.2     -.638     585.2      .545     985.2     -.555    1385.2      .607
    185.5      .538     585.5     -.526     985.5      .517    1385.5     -.375
    185.9     -.330     585.9      .261     985.9     -.210    1385.9      .272
    186.3      .084     586.3     .0037     986.3      .075    1386.3      .110
    186.7      .148     586.7     -.137     986.7      .171    1386.7     -.075
    187.1     -.267     587.1      .317     987.1     -.241    1387.1      .337
    187.5      .454     587.5     -.390     987.5      .427    1387.5     -.336
    187.9     -.512     587.9      .498     987.9     -.391    1387.9      .438
    188.3      .573     588.3     -.606     988.3      .572    1388.3     -.533
    188.7     -.774     588.7      .566     988.7     -.722    1388.7      .574
    189.1      .575     589.1     -.725     989.1      .514    1389.1     -.565
    189.5     -.545     589.5      .244     989.5     -.378    1389.5      .283
    189.8      .025     589.8     -.233     989.8      .046    1389.8     -.114
    190.2     -.080     590.2     -.264     990.2      .018    1390.2     -.234
    190.6     -.402     590.6      .278     990.6     -.479    1390.6      .353
    191.0      .403     591.0     -.578     991.0      .483    1391.0     -.520
    191.4     -.736     591.4      .660     991.4     -.688    1391.4      .636
    191.8      .765     591.8     -.831     991.8      .737    1391.8     -.912
    192.2    -1.085     592.2      .917     992.2    -1.069    1392.2      .814
    192.6      .981     592.6     -.945     992.6      .746    1392.6     -.912
    193.0     -.883     593.0      .663     993.0     -.749    1393.0      .578
    193.4      .564     593.4     -.591     993.4      .383    1393.4     -.571
    193.8     -.405     593.8      .139     993.8     -.317    1393.8      .122
    194.1      .056     594.1     -.070     994.1     -.127    1394.1      .021
    194.5      .187     594.5     -.323     994.5      .268    1394.5     -.182
    194.9     -.359     594.9      .385     994.9     -.368    1394.9      .442
    195.3      .576     595.3     -.624     995.3      .548    1395.3     -.549
    195.7     -.616     595.7      .643     995.7     -.658    1395.7      .634
    196.1      .628     596.1     -.467     996.1      .514    1396.1     -.379
    196.5     -.320     596.5      .332     996.5     -.267    1396.5      .277
    196.9      .233     596.9     -.083     996.9      .067    1396.9     -.085
    197.3      .085     597.3     -.038     997.3     .0037    1397.3     -.139
    197.7     -.146     597.7      .205     997.7     -.297    1397.7      .199
    198.0      .320     598.0     -.412     998.0      .399    1398.0     -.492
    198.4     -.571     598.4      .499     998.4     -.624    1398.4      .496
    198.8      .728     598.8     -.867     998.8      .716    1398.8     -.929
    199.2     -.954     599.2      .769     999.2     -.907    1399.2      .761
    199.6      .753     599.6     -.842     999.6      .744    1399.6     -.839
    200.0     -.752     600.0      .537    1000.0     -.623    1400.0      .460
    200.4      .412     600.4     -.414    1000.4      .264    1400.4     -.386
    200.8     -.179     600.8      .162    1000.8     -.177    1400.8      .045
    201.2      .066     601.2      .088    1001.2     -.117    1401.2      .023
    201.6      .290     601.6     -.254    1001.6      .208    1401.6     -.343
    202.0     -.429     602.0      .540    1002.0     -.699    1402.0      .497
    202.3      .905     602.3     -.916    1002.3      .756    1402.3     -.983
    202.7     -.889     602.7      .919    1002.7    -1.094    1402.7      .897
    203.1      .978     603.1    -1.063    1003.1      .899    1403.1    -1.083
    203.5     -.852     603.5      .795    1003.5     -.965    1403.5      .811
    203.9      .667     603.9     -.703    1003.9      .613    1403.9     -.719
    204.3     -.442     604.3      .410    1004.3     -.384    1404.3      .396
    204.7      .213     604.7     -.020    1004.7      .232    1404.7     -.186
    205.1      .089     605.1      .055    1005.1      .066    1405.1     -.010
    205.5     -.270     605.5      .524    1005.5     -.336    1405.5      .386
    205.9      .606     605.9     -.392    1005.9      .617    1405.9     -.522
    206.3     -.425     606.3      .747    1006.3     -.457    1406.3      .558
    206.6      .619     606.6     -.357    1006.6      .560    1406.6     -.430
    207.0     -.154     607.0      .438    1007.0     -.353    1407.0      .439
    207.4      .333     607.4     -.223    1007.4      .342    1407.4     -.202
    207.8     .0081     607.8      .083    1007.8      .025    1407.8      .091
    208.2    -.0004     608.2      .107    1008.2      .042    1408.2      .088
    208.6      .299     608.6     -.327    1008.6      .326    1408.6     -.287
    209.0     -.597     609.0      .583    1009.0     -.565    1409.0      .626
    209.4      .694     609.4     -.795    1009.4      .824    1409.4     -.911
    209.8     -.901     609.8      .963    1009.8     -.871    1409.8      .770
    210.2      .772     610.2     -.762    1010.2      .824    1410.2    -1.021
    210.5     -.681     610.5      .809    1010.5     -.854    1410.5      .702
    210.9      .595     610.9     -.493    1010.9      .623    1410.9     -.765
    211.3     -.363     611.3      .515    1011.3     -.492    1411.3      .460
    211.7      .384     611.7     -.159    1011.7      .322    1411.7     -.341
    212.1      .051     612.1     -.037    1012.1     .0073    1412.1     -.035
    212.5     -.237     612.5      .370    1012.5     -.385    1412.5      .528
    212.9      .511     612.9     -.618    1012.9      .668    1412.9     -.572
    213.3     -.606     613.3      .706    1013.3     -.724    1413.3      .935
    213.7      .624     613.7     -.727    1013.7      .864    1413.7     -.786
    214.1     -.645     614.1      .680    1014.1     -.739    1414.1      .912
    214.5      .492     614.5     -.415    1014.5      .691    1414.5     -.576
    214.8     -.326     614.8      .486    1014.8     -.362    1414.8      .574
    215.2      .304     615.2     -.073    1015.2      .309    1415.2     -.252
    215.6      .047     615.6      .028    1015.6      .155    1415.6     -.066
    216.0     -.210     616.0      .438    1016.0     -.240    1416.0      .334
    216.4      .460     616.4     -.294    1016.4      .583    1416.4     -.352
    216.8     -.274     616.8      .472    1016.8     -.364    1416.8      .578
    217.2      .457     617.2     -.314    1017.2      .625    1417.2     -.359
    217.6     -.352     617.6      .376    1017.6     -.252    1417.6      .550
    218.0      .378     618.0     -.258    1018.0      .447    1418.0     -.174
    218.4     -.224     618.4      .212    1018.4     -.130    1418.4      .362
    218.8      .111     618.8     -.126    1018.8      .083    1418.8      .028
    219.1      .096     619.1     -.255    1019.1      .301    1419.1     -.357
    219.5     -.521     619.5      .439    1019.5     -.562    1419.5      .518
    219.9      .598     619.9     -.656    1019.9      .611    1419.9     -.841
    220.3     -.771     620.3      .640    1020.3     -.857    1420.3      .778
    220.7      .702     620.7     -.726    1020.7      .743    1420.7     -.937
    221.1     -.837     621.1      .723    1021.1     -.745    1421.1      .819
    221.5      .758     621.5     -.649    1021.5      .729    1421.5     -.710
    221.9     -.726     621.9      .647    1021.9     -.671    1421.9      .727
    222.3      .440     622.3     -.451    1022.3      .437    1422.3     -.296
    222.7     -.305     622.7      .158    1022.7     -.068    1422.7      .159
    223.0     -.155     623.0      .104    1023.0     -.060    1423.0      .239
    223.4      .234     623.4     -.331    1023.4      .308    1423.4     -.316
    223.8     -.577     623.8      .420    1023.8     -.481    1423.8      .541
    224.2      .488     624.2     -.551    1024.2      .562    1424.2     -.537
    224.6     -.637     624.6      .554    1024.6     -.441    1424.6      .579
    225.0      .601     625.0     -.522    1025.0      .563    1425.0     -.472
    225.4     -.535     625.4      .425    1025.4     -.444    1425.4      .463
    225.8      .246     625.8     -.203    1025.8      .214    1425.8     -.106
    226.2      .040     626.2     -.036    1026.2      .113    1426.2    -.0097
    226.6     -.230     626.6      .265    1026.6     -.148    1426.6      .315
    227.0      .359     627.0     -.367    1027.0      .388    1427.0     -.245
    227.3     -.511     627.3      .410    1027.3     -.402    1427.3      .415
    227.7      .505     627.7     -.529    1027.7      .461    1427.7     -.406
    228.1     -.587     628.1      .502    1028.1     -.484    1428.1      .472
    228.5      .558     628.5     -.667    1028.5      .519    1428.5     -.536
    228.9     -.619     628.9      .357    1028.9     -.483    1428.9      .369
    229.3      .229     629.3     -.350    1029.3      .098    1429.3     -.245
    229.7     -.071     629.7     -.171    1029.7     -.013    1429.7     -.141
    230.1     -.334     630.1      .204    1030.1     -.413    1430.1      .320
    230.5      .378     630.5     -.587    1030.5      .481    1430.5     -.508
    230.9     -.720     630.9      .589    1030.9     -.714    1430.9      .659
    231.3      .708     631.3     -.762    1031.3      .644    1431.3     -.690
    231.6     -.962     631.6      .851    1031.6     -.929    1431.6      .827
    232.0      .889     632.0     -.958    1032.0      .817    1432.0     -.937
    232.4    -1.079     632.4      .808    1032.4     -.880    1432.4      .712
    232.8      .715     632.8     -.690    1032.8      .451    1432.8     -.647
    233.2     -.573     633.2      .304    1033.2     -.438    1433.2      .241
    233.6      .167     633.6     -.191    1033.6     -.060    1433.6     -.202
    234.0    -.0002     634.0     -.247    1034.0      .140    1434.0     -.250
    234.4     -.269     634.4      .269    1034.4     -.371    1434.4      .312
    234.8      .491     634.8     -.529    1034.8      .505    1434.8     -.423
    235.2     -.597     635.2      .557    1035.2     -.548    1435.2      .614
    235.5      .645     635.5     -.681    1035.5      .636    1435.5     -.586
    235.9     -.481     635.9      .484    1035.9     -.374    1435.9      .486
    236.3      .368     636.3     -.224    1036.3      .192    1436.3     -.143
    236.7     -.065     636.7      .069    1036.7      .040    1436.7      .032
    237.1     -.072     637.1      .186    1037.1     -.230    1437.1      .133
    237.5      .296     637.5     -.294    1037.5      .271    1437.5     -.421
    237.9     -.374     637.9      .462    1037.9     -.540    1437.9      .376
    238.3      .611     638.3     -.581    1038.3      .548    1438.3     -.700
    238.7     -.813     638.7      .708    1038.7     -.815    1438.7      .655
    239.1      .742     639.1     -.853    1039.1      .693    1439.1     -.880
    239.5     -.821     639.5      .647    1039.5     -.733    1439.5      .563
    239.8      .417     639.8     -.520    1039.8      .381    1439.8     -.446
    240.2     -.419     640.2      .203    1040.2     -.190    1440.2      .134
    240.6     -.030     640.6     -.012    1040.6     -.115    1440.6      .051
    241.0      .174     641.0     -.237    1041.0      .217    1441.0     -.307
    241.4     -.361     641.4      .485    1041.4     -.509    1441.4      .424
    241.8      .748     641.8     -.686    1041.8      .652    1441.8     -.817
    242.2     -.868     642.2      .888    1042.2    -1.056    1442.2      .861
    242.6     1.170     642.6    -1.138    1042.6      .909    1442.6    -1.157
    243.0     -.915     643.0      .888    1043.0    -1.080    1443.0      .824
    243.4      .912     643.4     -.887    1043.4      .776    1443.4     -.932
    243.8     -.599     643.8      .514    1043.8     -.632    1443.8      .521
    244.1      .339     644.1     -.355    1044.1      .279    1444.1     -.301
    244.5     -.103     644.5      .058    1044.5     -.016    1444.5      .070
    244.9     -.163     644.9      .295    1044.9     -.090    1444.9      .190
    245.3      .364     645.3     -.320    1045.3      .494    1445.3     -.402
    245.7     -.523     645.7      .750    1045.7     -.593    1445.7      .644
    246.1      .628     646.1     -.455    1046.1      .639    1446.1     -.568
    246.5     -.319     646.5      .604    1046.5     -.404    1446.5      .436
    246.9      .465     646.9     -.162    1046.9      .368    1446.9     -.317
    247.3      .064     647.3      .184    1047.3     -.132    1447.3      .191
    247.7      .132     647.7      .060    1047.7     -.015    1447.7      .049
    248.0      .306     648.0     -.175    1048.0      .238    1448.0     -.162
    248.4     -.327     648.4      .419    1048.4     -.349    1448.4      .368
    248.8      .590     648.8     -.718    1048.8      .717    1448.8     -.625
    249.2     -.846     649.2      .852    1049.2     -.866    1449.2      .930
    249.6      .740     649.6     -.910    1049.6      .917    1449.6     -.926
    250.0     -.871     650.0      .891    1050.0     -.870    1450.0      .724
    250.4      .570     650.4     -.617    1050.4      .628    1450.4     -.809
    250.8     -.422     650.8      .514    1050.8     -.507    1450.8      .433
    251.2      .338     651.2     -.189    1051.2      .256    1451.2     -.408
    251.6      .031     651.6      .125    1051.6     -.090    1451.6      .019
    252.0     -.068     652.0      .269    1052.0     -.283    1452.0      .105
    252.3      .580     652.3     -.568    1052.3      .623    1452.3     -.564
    252.7     -.546     652.7      .684    1052.7     -.762    1452.7      .876
    253.1      .743     653.1     -.858    1053.1      .961    1453.1     -.851
    253.5     -.708     653.5      .776    1053.5     -.850    1453.5     1.047
    253.9      .623     653.9     -.691    1053.9      .850    1453.9     -.726
    254.3     -.488     654.3      .528    1054.3     -.412    1454.3      .764
    254.7      .319     654.7     -.202    1054.7      .486    1454.7     -.311
    255.1     -.164     655.1      .252    1055.1     -.057    1455.1      .245
    255.5     -.069     655.5      .274    1055.5     -.140    1455.5      .130
    255.9      .369     655.9     -.220    1055.9      .502    1455.9     -.390
    256.3     -.329     656.3      .562    1056.3     -.390    1456.3      .495
    256.6      .455     656.6     -.280    1056.6      .541    1456.6     -.443
    257.0     -.236     657.0      .428    1057.0     -.321    1457.0      .541
    257.4      .387     657.4     -.194    1057.4      .424    1457.4     -.270
    257.8     -.136     657.8      .215    1057.8     -.029    1457.8      .404
    258.2      .178     658.2     -.055    1058.2      .210    1458.2      .026
    258.6     .0076     658.6     -.095    1058.6      .192    1458.6      .035
    259.0     -.331     659.0      .282    1059.0     -.385    1459.0      .485
    259.4      .525     659.4     -.599    1059.4      .665    1459.4     -.692
    259.8     -.816     659.8      .670    1059.8     -.813    1459.8      .776
    260.2      .720     660.2     -.788    1060.2      .705    1460.2     -.944
    260.5     -.848     660.5      .699    1060.5     -.834    1460.5      .770
    260.9      .659     660.9     -.665    1060.9      .641    1460.9     -.787
    261.3     -.693     661.3      .602    1061.3     -.601    1461.3      .665
    261.7      .536     661.7     -.515    1061.7      .493    1461.7     -.491
    262.1     -.414     662.1      .266    1062.1     -.281    1462.1      .346
    262.5     -.032     662.5     -.024    1062.5      .010    1462.5      .150
    262.9      .149     662.9     -.243    1062.9      .342    1462.9     -.265
    263.3     -.532     663.3      .444    1063.3     -.420    1463.3      .563
    263.7      .540     663.7     -.590    1063.7      .546    1463.7     -.558
    264.1     -.715     664.1      .577    1064.1     -.544    1464.1      .629
    264.5      .601     664.5     -.530    1064.5      .593    1464.5     -.526
    264.8     -.589     664.8      .566    1064.8     -.442    1464.8      .527
    265.2      .499     665.2     -.411    1065.2      .370    1465.2     -.360
    265.6     -.221     665.6      .133    1065.6     -.156    1465.6      .184
    266.0     -.110     666.0      .127    1066.0     -.076    1466.0      .185
    266.4      .282     666.4     -.276    1066.4      .377    1466.4     -.188
    266.8     -.447     666.8      .432    1066.8     -.331    1466.8      .438
    267.2      .467     667.2     -.494    1067.2      .446    1467.2     -.303
    267.6     -.594     667.6      .475    1067.6     -.426    1467.6      .449
    268.0      .461     668.0     -.465    1068.0      .471    1468.0     -.341
    268.4     -.521     668.4      .477    1068.4     -.421    1468.4      .404
    268.8      .351     668.8     -.443    1068.8      .231    1468.8     -.345
    269.1     -.174     669.1     .0009    1069.1     -.171    1469.1    -.0040
    269.5     -.221     669.5      .091    1069.5     -.301    1469.5      .160
    269.9      .428     669.9     -.585    1069.9      .412    1469.9     -.493
    270.3     -.681     670.3      .551    1070.3     -.754    1470.3      .591
    270.7      .732     670.7     -.897    1070.7      .689    1470.7     -.721
    271.1     -.951     671.1      .724    1071.1     -.839    1471.1      .783
    271.5      .876     671.5     -.921    1071.5      .858    1471.5     -.750
    271.9    -1.116     671.9      .893    1071.9     -.913    1471.9      .833
    272.3      .748     672.3     -.819    1072.3      .653    1472.3     -.736
    272.7     -.803     672.7      .526    1072.7     -.579    1472.7      .385
    273.0      .235     673.0     -.293    1073.0      .072    1473.0     -.266
    273.4     -.107     673.4     -.066    1073.4     -.040    1473.4     -.141
    273.8     -.298     673.8      .242    1073.8     -.430    1473.8      .155
    274.2      .437     674.2     -.514    1074.2      .410    1474.2     -.533
    274.6     -.526     674.6      .495    1074.6     -.574    1474.6      .497
    275.0      .747     675.0     -.702    1075.0      .660    1475.0     -.595
    275.4     -.657     675.4      .562    1075.4     -.544    1475.4      .559
    275.8      .530     675.8     -.496    1075.8      .464    1475.8     -.367
    276.2     -.189     676.2      .184    1076.2     -.057    1476.2      .173
    276.6      .066     676.6      .034    1076.6     -.044    1476.6      .133
    277.0      .220     677.0     -.208    1077.0      .281    1477.0     -.196
    277.3     -.348     677.3      .400    1077.3     -.432    1477.3      .375
    277.7      .490     677.7     -.450    1077.7      .437    1477.7     -.533
    278.1     -.501     678.1      .622    1078.1     -.703    1478.1      .527
    278.5      .712     678.5     -.743    1078.5      .577    1478.5     -.793
    278.9     -.772     678.9      .663    1078.9     -.837    1478.9      .569
    279.3      .531     679.3     -.632    1079.3      .434    1479.3     -.600
    279.7     -.430     679.7      .253    1079.7     -.343    1479.7      .153
    280.1     -.026     680.1     -.141    1080.1     -.107    1480.1    -.0084
    280.5      .037     680.5     -.306    1080.5      .248    1480.5     -.318
    280.9     -.526     680.9      .379    1080.9     -.459    1480.9      .427
    281.3      .569     681.3     -.609    1081.3      .634    1481.3     -.626
    281.6     -.801     681.6      .837    1081.6     -.870    1481.6      .773
    282.0     1.088     682.0    -1.076    1082.0      .951    1482.0    -1.110
    282.4    -1.044     682.4     1.022    1082.4    -1.179    1482.4      .943
    282.8     1.112     682.8    -1.057    1082.8      .853    1482.8    -1.068
    283.2     -.657     683.2      .682    1083.2     -.897    1483.2      .597
    283.6      .617     683.6     -.584    1083.6      .353    1483.6     -.579
    284.0     -.149     684.0      .101    1084.0     -.231    1484.0      .075
    284.4    -.0071     684.4      .067    1084.4     -.093    1484.4      .085
    284.8      .265     684.8     -.216    1084.8      .337    1484.8     -.240
    285.2     -.506     685.2      .567    1085.2     -.378    1485.2      .535
    285.5      .570     685.5     -.509    1085.5      .684    1485.5     -.629
    285.9     -.569     685.9      .766    1085.9     -.541    1485.9      .651
    286.3      .478     686.3     -.254    1086.3      .483    1486.3     -.408
    286.7     -.102     686.7      .402    1086.7     -.218    1486.7      .264
    287.1      .209     687.1      .053    1087.1      .076    1487.1     -.113
    287.5      .334     687.5     -.092    1087.5      .101    1487.5     -.121
    287.9     -.058     687.9      .323    1087.9     -.331    1487.9      .274
    288.3      .602     688.3     -.470    1088.3      .478    1488.3     -.456
    288.7     -.592     688.7      .618    1088.7     -.652    1488.7      .626
    289.1      .829     689.1     -.896    1089.1      .851    1489.1     -.845
    289.5     -.831     689.5      .822    1089.5     -.846    1489.5      .863
    289.8      .599     689.8     -.754    1089.8      .726    1489.8     -.765
    290.2     -.606     690.2      .558    1090.2     -.493    1490.2      .494
    290.6      .164     690.6     -.242    1090.6      .308    1490.6     -.465
    291.0     -.064     691.0      .182    1091.0     -.114    1491.0      .045
    291.4     -.080     691.4      .211    1091.4     -.152    1491.4      .051
    291.8      .449     691.8     -.308    1091.8      .421    1491.8     -.496
    292.2     -.552     692.2      .722    1092.2     -.733    1492.2      .647
    292.6      .898     692.6     -.833    1092.6      .910    1492.6     -.932
    293.0     -.674     693.0      .861    1093.0     -.932    1493.0     1.048
    293.4      .826     693.4     -.903    1093.4      .995    1493.4     -.869
    293.8     -.587     693.8      .625    1093.8     -.644    1493.8      .906
    294.1      .465     694.1     -.443    1094.1      .599    1494.1     -.476
    294.5     -.251     694.5      .335    1094.5     -.134    1494.5      .512
    294.9      .134     694.9      .049    1094.9      .221    1494.9    -.0013
    295.3      .130     695.3     -.068    1095.3      .318    1495.3     -.140
    295.7     -.331     695.7      .597    1095.7     -.411    1495.7      .453
    296.1      .487     696.1     -.290    1096.1      .577    1496.1     -.517
    296.5     -.296     696.5      .586    1096.5     -.421    1496.5      .503
    296.9      .369     696.9     -.197    1096.9      .420    1496.9     -.373
    297.3     -.119     697.3      .306    1097.3     -.211    1497.3      .361
    297.7      .199     697.7      .011    1097.7      .104    1497.7     -.030
    298.0      .067     698.0      .036    1098.0      .168    1498.0      .156
    298.4     -.095     698.4      .149    1098.4     -.130    1498.4      .330
    298.8      .372     698.8     -.477    1098.8      .540    1498.8     -.358
    299.2     -.678     699.2      .595    1099.2     -.721    1499.2      .808
    299.6      .767     699.6     -.797    1099.6      .851    1499.6     -.861
    300.0     -.868     700.0      .721    1100.0     -.831    1500.0      .829
    300.4      .683     700.4     -.751    1100.4      .689    1500.4     -.880
    300.8     -.671     700.8      .582    1100.8     -.667    1500.8      .559
    301.2      .472     701.2     -.464    1101.2      .425    1501.2     -.555
    301.6     -.416     701.6      .431    1101.6     -.309    1501.6      .340
    302.0      .093     702.0     -.179    1102.0      .059    1502.0     -.077
    302.3      .084     702.3     -.114    1102.3      .167    1502.3     -.144
    302.7     -.482     702.7      .388    1102.7     -.434    1502.7      .581
    303.1      .526     703.1     -.499    1103.1      .655    1503.1     -.513
    303.5     -.785     703.5      .688    1103.5     -.651    1503.5      .806
    303.9      .680     703.9     -.664    1103.9      .664    1503.9     -.592
    304.3     -.660     704.3      .586    1104.3     -.515    1504.3      .656
    304.7      .548     704.7     -.481    1104.7      .536    1504.7     -.411
    305.1     -.379     705.1      .391    1105.1     -.273    1505.1      .373
    305.5      .163     705.5     -.169    1105.5      .063    1505.5     -.065
    305.9      .245     705.9     -.194    1105.9      .216    1505.9     -.127
    306.3     -.331     706.3      .313    1106.3     -.292    1506.3      .349
    306.6      .449     706.6     -.381    1106.6      .476    1506.6     -.278
    307.0     -.525     707.0      .475    1107.0     -.361    1507.0      .431
    307.4      .434     707.4     -.438    1107.4      .424    1507.4     -.244
    307.8     -.476     707.8      .384    1107.8     -.281    1507.8      .350
    308.2      .277     708.2     -.346    1108.2      .331    1508.2     -.219
    308.6     -.347     708.6      .240    1108.6     -.227    1508.6      .192
    309.0     -.099     709.0     -.032    1109.0     -.139    1509.0      .045
    309.4      .318     709.4     -.454    1109.4      .313    1509.4     -.383
    309.8     -.646     709.8      .457    1109.8     -.711    1509.8      .498
    310.2      .766     710.2     -.905    1110.2      .635    1510.2     -.735
    310.5     -.889     710.5      .728    1110.5     -.926    1510.5      .724
    310.9      .874     710.9     -.968    1110.9      .763    1510.9     -.747
    311.3     -.920     711.3      .731    1111.3     -.825    1511.3      .778
    311.7      .831     711.7     -.892    1111.7      .727    1511.7     -.705
    312.1     -.902     712.1      .618    1112.1     -.691    1512.1      .569
    312.5      .328     712.5     -.412    1112.5      .292    1512.5     -.333
    312.9     -.319     712.9      .060    1112.9     -.078    1512.9     .0026
    313.3     -.304     713.3      .168    1113.3     -.340    1513.3      .133
    313.7      .331     713.7     -.468    1113.7      .336    1513.7     -.474
    314.1     -.706     714.1      .558    1114.1     -.672    1514.1      .453
    314.5      .657     714.5     -.647    1114.5      .600    1514.5     -.618
    314.8     -.694     714.8      .626    1114.8     -.650    1514.8      .586
    315.2      .734     715.2     -.709    1115.2      .576    1515.2     -.578
    315.6     -.448     715.6      .349    1115.6     -.358    1515.6      .370
    316.0      .243     716.0     -.185    1116.0      .177    1516.0     -.045
    316.4      .100     716.4     -.140    1116.4      .221    1516.4     -.080
    316.8     -.182     716.8      .263    1116.8     -.282    1516.8      .339
    317.2      .466     717.2     -.450    1117.2      .456    1517.2     -.400
    317.6     -.483     717.6      .499    1117.6     -.504    1517.6      .469
    318.0      .564     718.0     -.489    1118.0      .511    1518.0     -.582
    318.4     -.597     718.4      .650    1118.4     -.722    1518.4      .519
    318.8      .640     718.8     -.616    1118.8      .414    1518.8     -.703
    319.1     -.489     719.1      .405    1119.1     -.509    1519.1      .280
    319.5      .128     719.5     -.147    1119.5     -.051    1519.5     -.164
    319.9      .058     719.9     -.199    1119.9      .084    1519.9     -.276
    320.3     -.452     720.3      .376    1120.3     -.578    1520.3      .374
    320.7      .536     720.7     -.700    1120.7      .603    1520.7     -.645
    321.1     -.861     721.1      .721    1121.1     -.757    1521.1      .698
    321.5      .886     721.5     -.936    1121.5      .899    1521.5     -.882
    321.9    -1.066     721.9     1.047    1121.9    -1.101    1521.9      .930
    322.3     1.125     722.3    -1.118    1122.3      .980    1522.3    -1.129
    322.7     -.877     722.7      .819    1122.7     -.944    1522.7      .703
    323.0      .745     723.0     -.730    1123.0      .535    1523.0     -.745
    323.4     -.254     723.4      .267    1123.4     -.454    1523.4      .171
    323.8      .167     723.8     -.110    1123.8     -.084    1523.8     -.110
    324.2      .353     724.2     -.290    1124.2      .218    1524.2     -.285
    324.6     -.295     724.6      .420    1124.6     -.376    1524.6      .445
    325.0      .633     725.0     -.557    1125.0      .638    1525.0     -.505
    325.4     -.682     725.4      .783    1125.4     -.621    1525.4      .737
    325.8      .578     725.8     -.496    1125.8      .715    1525.8     -.537
    326.2     -.398     726.2      .574    1126.2     -.288    1526.2      .469
    326.6      .204     726.6    -.0068    1126.6      .234    1526.6     -.142
    327.0      .071     727.0      .158    1127.0      .015    1527.0     .0012
    327.3     -.106     727.3      .354    1127.3     -.203    1527.3      .148
    327.7      .530     727.7     -.277    1127.7      .297    1527.7     -.368
    328.1     -.235     728.1      .575    1128.1     -.523    1528.1      .446
    328.5      .806     728.5     -.681    1128.5      .614    1528.5     -.735
    328.9     -.658     728.9      .750    1128.9     -.833    1528.9      .732
    329.3      .788     729.3     -.827    1129.3      .791    1529.3     -.821
    329.7     -.534     729.7      .554    1129.7     -.557    1529.7      .617
    330.1      .285     730.1     -.398    1130.1      .417    1530.1     -.411
    330.5     -.157     730.5      .081    1130.5     -.034    1530.5      .086
    330.9     -.257     730.9      .196    1130.9     -.057    1530.9      .023
    331.3      .299     731.3     -.258    1131.3      .394    1531.3     -.351
    331.6     -.477     731.6      .679    1131.6     -.560    1531.6      .487
    332.0      .759     732.0     -.777    1132.0      .830    1532.0     -.937
    332.4     -.828     732.4     1.026    1132.4    -1.051    1532.4      .941
    332.8      .925     732.8     -.929    1132.8      .978    1532.8    -1.076
    333.2     -.625     733.2      .844    1133.2     -.930    1533.2      .999
    333.6      .667     733.6     -.716    1133.6      .704    1533.6     -.655
    334.0     -.300     734.0      .347    1134.0     -.375    1534.0      .603
    334.4      .212     734.4     -.134    1134.4      .271    1534.4     -.052
    334.8      .080     734.8      .025    1134.8      .216    1534.8      .192
    335.2     -.149     735.2      .352    1135.2     -.144    1535.2      .429
    335.5      .376     735.5     -.362    1135.5      .653    1535.5     -.442
    335.9     -.441     735.9      .692    1135.9     -.441    1535.9      .612
    336.3      .408     736.3     -.202    1136.3      .531    1536.3     -.495
    336.7     -.227     736.7      .463    1136.7     -.259    1536.7      .396
    337.1      .181     737.1     -.016    1137.1      .234    1537.1     -.248
    337.5      .034     737.5      .080    1137.5      .011    1537.5      .108
    337.9     .0060     737.9      .225    1137.9     -.075    1537.9      .167
    338.3      .304     738.3     -.232    1138.3      .354    1538.3     -.132
    338.7     -.420     738.7      .409    1138.7     -.461    1538.7      .669
    339.1      .697     739.1     -.836    1139.1      .805    1539.1     -.674
    339.5     -.801     739.5      .676    1139.5     -.760    1539.5      .980
    339.8      .762     739.8     -.854    1139.8      .762    1539.8     -.794
    340.2     -.707     740.2      .547    1140.2     -.595    1540.2      .698
    340.6      .453     740.6     -.557    1140.6      .449    1540.6     -.578
    341.0     -.376     741.0      .318    1141.0     -.293    1541.0      .296
    341.4      .196     741.4     -.164    1141.4      .139    1541.4     -.245
    341.8     -.030     741.8      .052    1141.8      .059    1541.8     -.103
    342.2     -.407     742.2      .328    1142.2     -.402    1542.2      .389
    342.6      .529     742.6     -.535    1142.6      .593    1542.6     -.580
    343.0     -.773     743.0      .727    1143.0     -.674    1543.0      .831
    343.4      .702     743.4     -.716    1143.4      .752    1543.4     -.706
    343.8     -.835     743.8      .741    1143.8     -.647    1543.8      .830
    344.1      .576     744.1     -.583    1144.1      .591    1544.1     -.441
    344.5     -.444     744.5      .470    1144.5     -.310    1544.5      .559
    344.9      .320     744.9     -.301    1144.9      .349    1544.9     -.206
    345.3     -.086     745.3      .061    1145.3     .0089    1545.3      .092
    345.7     -.244     745.7      .206    1145.7     -.214    1545.7      .277
    346.1      .518     746.1     -.420    1146.1      .435    1546.1     -.292
    346.5     -.446     746.5      .417    1146.5     -.376    1546.5      .418
    346.9      .485     746.9     -.440    1146.9      .451    1546.9     -.333
    347.3     -.453     747.3      .402    1147.3     -.295    1547.3      .344
    347.7      .271     747.7     -.308    1147.7      .301    1547.7     -.146
    348.0     -.263     748.0      .223    1148.0     -.096    1548.0      .259
    348.4    -.0014     748.4     -.165    1148.4      .098    1548.4     -.057
    348.8      .032     748.8     -.184    1148.8      .158    1548.8     -.162
    349.2     -.602     749.2      .417    1149.2     -.535    1549.2      .414
    349.6      .660     749.6     -.812    1149.6      .613    1549.6     -.646
    350.0     -.914     750.0      .731    1150.0     -.905    1550.0      .668
    350.4      .868     750.4    -1.014    1150.4      .721    1550.4     -.825
    350.8     -.881     750.8      .759    1150.8     -.861    1550.8      .678
    351.2      .806     751.2     -.859    1151.2      .656    1551.2     -.669
    351.6     -.756     751.6      .567    1151.6     -.650    1551.6      .631
    352.0      .533     752.0     -.646    1152.0      .382    1552.0     -.491
    352.3     -.384     752.3      .122    1152.3     -.191    1552.3      .146
    352.7     -.199     752.7      .063    1152.7     -.183    1552.7      .077
    353.1      .204     753.1     -.423    1153.1      .352    1553.1     -.360
    353.5     -.752     753.5      .558    1153.5     -.682    1553.5      .464
    353.9      .645     753.9     -.728    1153.9      .612    1553.9     -.658
    354.3     -.820     754.3      .756    1154.3     -.709    1554.3      .602
    354.7      .719     754.7     -.629    1154.7      .613    1554.7     -.604
    355.1     -.653     755.1      .626    1155.1     -.553    1555.1      .520
    355.5      .501     755.5     -.449    1155.5      .283    1555.5     -.342
    355.9     -.039     755.9      .032    1155.9      .038    1555.9      .054
    356.3     -.071     756.3      .122    1156.3     -.167    1556.3      .231
    356.6      .375     756.6     -.402    1156.6      .418    1556.6     -.282
    357.0     -.365     757.0      .383    1157.0     -.431    1557.0      .457
    357.4      .578     757.4     -.604    1157.4      .507    1557.4     -.462
    357.8     -.475     757.8      .481    1157.8     -.459    1557.8      .476
    358.2      .538     758.2     -.538    1158.2      .455    1558.2     -.554
    358.6     -.527     758.6      .513    1158.6     -.563    1558.6      .340
    359.0      .302     759.0     -.310    1159.0      .044    1559.0     -.377
    359.4     -.019     759.4     -.033    1159.4     -.031    1559.4     -.210
    359.8     -.390     759.8      .321    1159.8     -.509    1559.8      .221
    360.2      .487     760.2     -.565    1160.2      .456    1560.2     -.676
    360.5     -.862     760.5      .746    1160.5     -.899    1560.5      .654
    360.9      .798     760.9     -.899    1160.9      .778    1560.9     -.811
    361.3    -1.071     761.3      .917    1161.3     -.891    1561.3      .866
    361.7      .997     761.7    -1.059    1161.7      .985    1561.7     -.961
    362.1    -1.043     762.1     1.022    1162.1    -1.006    1562.1      .883
    362.5      .820     762.5     -.887    1162.5      .716    1562.5     -.779
    362.9     -.388     762.9      .404    1162.9     -.473    1562.9      .329
    363.3      .242     763.3     -.280    1163.3      .104    1563.3     -.261
    363.7      .276     763.7     -.254    1163.7      .085    1563.7     -.314
    364.1     -.298     764.1      .297    1164.1     -.489    1564.1      .295
    364.5      .691     764.5     -.610    1164.5      .564    1564.5     -.577
    364.8     -.569     764.8      .642    1164.8     -.580    1564.8      .635
    365.2      .750     765.2     -.711    1165.2      .800    1565.2     -.711
    365.6     -.629     765.6      .723    1165.6     -.571    1565.6      .674
    366.0      .331     766.0     -.287    1166.0      .513    1566.0     -.281
    366.4     -.096     766.4      .313    1166.4     -.017    1566.4      .205
    366.8     -.077     766.8      .244    1166.8      .020    1566.8      .116
    367.2      .354     767.2     -.116    1167.2      .277    1567.2     -.259
    367.6     -.309     767.6      .524    1167.6     -.437    1567.6      .392
    368.0      .662     768.0     -.429    1168.0      .468    1568.0     -.520
    368.4     -.441     768.4      .681    1168.4     -.719    1568.4      .585
    368.8      .828     768.8     -.775    1168.8      .603    1568.8     -.839
    369.1     -.536     769.1      .580    1169.1     -.760    1569.1      .601
    369.5      .392     769.5     -.528    1169.5      .440    1569.5     -.561
    369.9     -.158     769.9      .175    1169.9     -.212    1569.9      .219
    370.3     -.164     770.3      .030    1170.3     -.045    1570.3    -.0042
    370.7      .266     770.7     -.317    1170.7      .421    1570.7     -.321
    371.1     -.589     771.1      .590    1171.1     -.413    1571.1      .445
    371.5      .666     771.5     -.565    1171.5      .828    1571.5     -.716
    371.9     -.821     771.9     1.027    1171.9     -.890    1571.9      .884
    372.3      .941     772.3     -.967    1172.3     1.075    1572.3    -1.139
    372.7     -.801     772.7     1.011    1172.7     -.978    1572.7      .943
    373.0      .749     773.0     -.725    1173.0      .791    1573.0     -.930
    373.4     -.401     773.4      .564    1173.4     -.646    1573.4      .699
    373.8      .342     773.8     -.358    1173.8      .258    1573.8     -.287
    374.2      .038     774.2     -.033    1174.2      .051    1574.2      .185
    374.6     -.040     774.6      .176    1174.6     -.101    1574.6      .305
    375.0      .359     775.0     -.261    1175.0      .517    1575.0     -.216
    375.4     -.405     775.4      .574    1175.4     -.451    1575.4      .768
    375.8      .509     775.8     -.497    1175.8      .782    1575.8     -.544
    376.2     -.295     776.2      .596    1176.2     -.307    1576.2      .569
    376.6      .240     776.6     -.025    1176.6      .417    1576.6     -.363
    377.0    -.0045     777.0      .281    1177.0     -.042    1577.0      .186
    377.3     -.023     777.3      .167    1177.3     -.027    1577.3    -.0040
    377.7      .250     777.7     -.085    1177.7      .253    1577.7     -.148
    378.1     -.236     778.1      .429    1178.1     -.324    1578.1      .362
    378.5      .523     778.5     -.432    1178.5      .523    1578.5     -.486
    378.9     -.713     778.9      .644    1178.9     -.765    1578.9      .892
    379.3      .758     779.3     -.852    1179.3      .797    1579.3     -.735
    379.7     -.732     779.7      .596    1179.7     -.645    1579.7      .884
    380.1      .495     780.1     -.584    1180.1      .531    1580.1     -.548
    380.5     -.412     780.5      .306    1180.5     -.251    1580.5      .415
    380.9      .114     780.9     -.187    1180.9      .120    1580.9     -.186
    381.3     .0083     781.3      .029    1181.3      .113    1581.3     -.026
    381.6     -.211     781.6      .215    1181.6     -.194    1581.6      .158
    382.0      .422     782.0     -.399    1182.0      .510    1582.0     -.605
    382.4     -.790     782.4      .691    1182.4     -.717    1582.4      .706
    382.8      .763     782.8     -.762    1182.8      .751    1582.8     -.833
    383.2     -.911     783.2      .782    1183.2     -.768    1583.2      .880
    383.6      .659     783.6     -.741    1183.6      .673    1583.6     -.682
    384.0     -.692     784.0      .549    1184.0     -.425    1584.0      .648
    384.4      .339     784.4     -.370    1184.4      .325    1584.4     -.201
    384.8     -.205     784.8      .225    1184.8     -.071    1584.8      .377
    385.2     -.028     785.2    -.0077    1185.2      .048    1585.2      .116
    385.5      .308     785.5     -.333    1185.5      .385    1585.5     -.223
    385.9     -.487     785.9      .475    1185.9     -.357    1585.9      .463
    386.3      .557     786.3     -.450    1186.3      .464    1586.3     -.336
    386.7     -.425     786.7      .425    1186.7     -.289    1586.7      .383
    387.1      .357     787.1     -.369    1187.1      .336    1587.1     -.296
    387.5     -.273     787.5      .268    1187.5     -.106    1587.5      .184
    387.9      .050     787.9     -.078    1187.9      .119    1587.9     -.044
    388.3     -.036     788.3     .0065    1188.3      .043    1588.3      .077
    388.7     -.397     788.7      .199    1188.7     -.289    1588.7      .216
    389.1      .474     789.1     -.593    1189.1      .496    1589.1     -.483
    389.5     -.907     789.5      .736    1189.5     -.777    1589.5      .658
    389.8      .806     789.8     -.907    1189.8      .689    1589.8     -.725
    390.2     -.934     790.2      .762    1190.2     -.854    1590.2      .681
    390.6      .757     790.6     -.869    1190.6      .577    1590.6     -.735
    391.0     -.682     791.0      .566    1191.0     -.608    1591.0      .527
    391.4      .531     791.4     -.589    1191.4      .447    1591.4     -.494
    391.8     -.455     791.8      .238    1191.8     -.334    1591.8      .303
    392.2     .0031     792.2     -.183    1192.2     -.100    1592.2     -.101
    392.6      .181     792.6     -.411    1192.6      .269    1592.6     -.285
    393.0     -.656     793.0      .468    1193.0     -.570    1593.0      .422
    393.4      .580     793.4     -.776    1193.4      .644    1593.4     -.626
    393.8    -1.001     793.8      .734    1193.8     -.811    1593.8      .625
    394.1      .719     794.1     -.775    1194.1      .619    1594.1     -.641
    394.5     -.728     794.5      .676    1194.5     -.618    1594.5      .561
    394.9      .593     794.9     -.489    1194.9      .477    1594.9     -.478
    395.3     -.418     795.3      .329    1195.3     -.302    1595.3      .270
    395.7      .065     795.7     -.034    1195.7     -.119    1595.7     .0053
    396.1      .302     796.1     -.301    1196.1      .294    1596.1     -.254
    396.5     -.322     796.5      .394    1196.5     -.396    1596.5      .399
    396.9      .474     796.9     -.520    1196.9      .510    1596.9     -.439
    397.3     -.491     797.3      .461    1197.3     -.499    1597.3      .479
    397.7      .518     797.7     -.531    1197.7      .431    1597.7     -.437
    398.0     -.402     798.0      .411    1198.0     -.366    1598.0      .400
    398.4      .368     798.4     -.370    1198.4      .309    1598.4     -.435
    398.8     -.241     798.8      .123    1198.8     -.179    1598.8      .025
    399.2     -.181     799.2      .139    1199.2     -.342    1599.2      .035
    399.6      .456     799.6     -.531    1199.6      .400    1599.6     -.602
