                               Waveform Amplitudes                              
                               *******************                              
       Equipment:	Cooling Pump for OAH-02
       Meas. Point:  2-COP-02  -M1H  -->  Motor Outboard Horizontal
       Date/Time:  16-Oct-24 10:53:12   Amplitude:  Acceleration in G-s
   
 Time (mS) Amplitude Time (mS) Amplitude Time (mS) Amplitude Time (mS) Amplitude
 --------- --------- --------- --------- --------- --------- --------- ---------
       0.      .054     400.0     -.313     800.0     -.384    1200.0     -.507
     .391     -.612     400.4     -.268     800.4     -.124    1200.4      .048
     .781      .712     400.8      .466     800.8      .281    1200.8      .176
    1.172    -1.187     401.2     -.948     801.2     -.713    1201.2     -.591
    1.563      .843     401.6      .809     801.6      .669    1201.6      .682
    1.953    -1.075     402.0    -1.013     802.0     -.834    1202.0     -.713
    2.344      .653     402.3      .770     802.3      .752    1202.3      .849
    2.734     -.778     402.7     -.897     802.7     -.850    1202.7     -.757
    3.125      .343     403.1      .516     803.1      .682    1203.1      .777
    3.516     -.205     403.5     -.410     803.5     -.384    1203.5     -.370
    3.906     -.163     403.9      .021     803.9      .109    1203.9      .262
    4.297      .392     404.3      .172     804.3      .103    1204.3      .063
    4.688     -.524     404.7     -.415     804.7     -.277    1204.7     -.214
    5.078      .580     405.1      .452     805.1      .452    1205.1      .359
    5.469     -.545     405.5     -.584     805.5     -.559    1205.5     -.497
    5.859      .464     405.9      .548     805.9      .591    1205.9      .602
    6.250     -.342     406.3     -.567     806.3     -.632    1206.3     -.622
    6.641     -.033     406.6      .217     806.6      .418    1206.6      .467
    7.031      .354     407.0      .076     807.0     -.027    1207.0     -.037
    7.422     -.653     407.4     -.531     807.4     -.344    1207.4     -.137
    7.813      .799     407.8      .688     807.8      .568    1207.8      .542
    8.203     -.817     408.2     -.835     808.2     -.711    1208.2     -.544
    8.594      .847     408.6      .860     808.6      .810    1208.6      .833
    8.984     -.768     409.0     -.989     809.0     -.980    1209.0     -.924
    9.375      .694     409.4      .924     809.4      .978    1209.4     1.092
    9.766     -.539     409.8     -.939     809.8    -1.036    1209.8    -1.136
    10.16      .173     410.2      .477     810.2      .654    1210.2      .781
    10.55      .171     410.5     -.244     810.5     -.390    1210.5     -.593
    10.94     -.655     410.9     -.422     810.9     -.225    1210.9     -.053
    11.33      .700     411.3      .481     811.3      .307    1211.3      .169
    11.72     -.970     411.7     -.835     811.7     -.699    1211.7     -.577
    12.11      .812     412.1      .673     812.1      .525    1212.1      .536
    12.50     -.866     412.5     -.899     812.5     -.893    1212.5     -.785
    12.89      .786     412.9      .810     812.9      .722    1212.9      .780
    13.28     -.585     413.3     -.834     813.3     -.975    1213.3     -.872
    13.67      .455     413.7      .627     813.7      .575    1213.7      .642
    14.06      .072     414.1     -.293     814.1     -.421    1214.1     -.426
    14.45     -.072     414.5      .018     814.5      .081    1214.5      .140
    14.84      .460     414.8      .252     814.8      .183    1214.8      .079
    15.23     -.383     415.2     -.412     815.2     -.352    1215.2     -.280
    15.63      .552     415.6      .524     815.6      .575    1215.6      .449
    16.02     -.446     416.0     -.562     816.0     -.597    1216.0     -.646
    16.41      .421     416.4      .578     816.4      .703    1216.4      .686
    16.80     -.181     416.8     -.377     816.8     -.540    1216.8     -.649
    17.19     -.063     417.2      .185     817.2      .238    1217.2      .284
    17.58      .461     417.6      .252     817.6      .095    1217.6     -.070
    17.97     -.431     418.0     -.339     818.0     -.368    1218.0     -.319
    18.36      .730     418.4      .692     818.4      .608    1218.4      .439
    18.75     -.567     418.8     -.725     818.8     -.793    1218.8     -.756
    19.14      .855     419.1      .927     819.1      .943    1219.1      .837
    19.53     -.777     419.5    -1.022     819.5    -1.108    1219.5    -1.181
    19.92      .809     419.9      .927     819.9     1.113    1219.9     1.119
    20.31     -.546     420.3     -.819     820.3     -.933    1220.3    -1.140
    20.70      .203     420.7      .363     820.7      .562    1220.7      .678
    21.09      .023     421.1     -.127     821.1     -.311    1221.1     -.534
    21.48     -.348     421.5     -.197     821.5     -.161    1221.5     .0094
    21.88      .486     421.9      .417     821.9      .177    1221.9      .062
    22.27     -.510     422.3     -.406     822.3     -.548    1222.3     -.438
    22.66      .748     422.7      .684     822.7      .558    1222.7      .452
    23.05     -.696     423.0     -.589     823.0     -.870    1223.0     -.808
    23.44      .822     423.4      .798     823.4      .856    1223.4      .795
    23.83     -.418     423.8     -.460     823.8     -.627    1223.8     -.707
    24.22      .330     424.2      .364     824.2      .571    1224.2      .557
    24.61    -.0050     424.6     -.151     824.6     -.101    1224.6     -.284
    25.00     -.131     425.0     -.040     825.0      .136    1225.0      .151
    25.39      .345     425.4      .171     825.4      .313    1225.4      .169
    25.78     -.496     425.8     -.336     825.8     -.272    1225.8     -.268
    26.17      .601     426.2      .492     826.2      .597    1226.2      .529
    26.56     -.613     426.6     -.515     826.6     -.645    1226.6     -.742
    26.95      .534     427.0      .663     827.0      .636    1227.0      .727
    27.34     -.107     427.3     -.167     827.3     -.363    1227.3     -.508
    27.73     -.032     427.7      .248     827.7      .183    1227.7      .249
    28.13      .402     428.1      .245     828.1      .179    1228.1      .029
    28.52     -.335     428.5     -.148     828.5     -.148    1228.5     -.166
    28.91      .702     428.9      .540     828.9      .534    1228.9      .446
    29.30     -.783     429.3     -.736     829.3     -.572    1229.3     -.620
    29.69     1.072     429.7      .933     829.7      .976    1229.7      .984
    30.08    -1.051     430.1    -1.141     830.1     -.979    1230.1    -1.147
    30.47      .886     430.5      .992     830.5      .935    1230.5     1.110
    30.86     -.630     430.9     -.830     830.9     -.802    1230.9     -.976
    31.25      .196     431.3      .463     831.3      .432    1231.3      .567
    31.64     -.030     431.6     -.194     831.6     -.349    1231.6     -.381
    32.03     -.275     432.0      .043     832.0      .112    1232.0      .103
    32.42      .342     432.4      .279     832.4      .043    1232.4      .073
    32.81     -.675     432.8     -.379     832.8     -.181    1232.8     -.196
    33.20      .725     433.2      .672     833.2      .581    1233.2      .564
    33.59     -.804     433.6     -.699     833.6     -.497    1233.6     -.464
    33.98      .659     434.0      .658     834.0      .731    1234.0      .714
    34.38     -.424     434.4     -.522     834.4     -.383    1234.4     -.347
    34.77      .243     434.8      .308     834.8      .457    1234.8      .421
    35.16      .014     435.2     -.169     835.2     -.172    1235.2     -.138
    35.55     -.215     435.5     -.053     835.5      .055    1235.5      .082
    35.94      .462     435.9      .335     835.9      .273    1235.9      .141
    36.33     -.715     436.3     -.554     836.3     -.539    1236.3     -.382
    36.72      .803     436.7      .855     836.7      .769    1236.7      .625
    37.11     -.757     437.1     -.717     837.1     -.711    1237.1     -.594
    37.50      .456     437.5      .699     837.5      .720    1237.5      .662
    37.89     -.195     437.9     -.322     837.9     -.341    1237.9     -.317
    38.28     -.045     438.3      .265     838.3      .376    1238.3      .442
    38.67      .269     438.7     .0068     838.7     -.028    1238.7     -.101
    39.06     -.485     439.1     -.244     839.1    -.0021    1239.1      .142
    39.45      .752     439.5      .522     839.5      .447    1239.5      .268
    39.84    -1.118     439.8    -1.003     839.8     -.774    1239.8     -.599
    40.23     1.142     440.2     1.100     840.2     1.033    1240.2      .860
    40.63    -1.230     440.6    -1.311     840.6    -1.150    1240.6    -1.073
    41.02      .705     441.0      .890     841.0      .893    1241.0      .927
    41.41     -.709     441.4     -.870     841.4     -.859    1241.4     -.879
    41.80      .104     441.8      .378     841.8      .523    1241.8      .621
    42.19     -.193     442.2     -.377     842.2     -.440    1242.2     -.437
    42.58     -.238     442.6      .015     842.6      .208    1242.6      .378
    42.97      .254     443.0      .092     843.0     .0022    1243.0      .033
    43.36     -.721     443.4     -.546     843.4     -.363    1243.4     -.194
    43.75      .743     443.8      .639     843.8      .610    1243.8      .604
    44.14     -.717     444.1     -.690     844.1     -.596    1244.1     -.487
    44.53      .567     444.5      .576     844.5      .579    1244.5      .611
    44.92     -.391     444.9     -.444     844.9     -.505    1244.9     -.493
    45.31      .145     445.3      .252     845.3      .350    1245.3      .371
    45.70      .071     445.7     -.087     845.7     -.244    1245.7     -.250
    46.09     -.332     446.1     -.161     846.1     -.059    1246.1     -.031
    46.48      .530     446.5      .425     846.5      .277    1246.5      .292
    46.88     -.810     446.9     -.759     846.9     -.709    1246.9     -.624
    47.27      .776     447.3      .830     847.3      .864    1247.3      .824
    47.66     -.599     447.7     -.789     847.7     -.848    1247.7     -.768
    48.05      .403     448.0      .634     848.0      .763    1248.0      .808
    48.44     -.150     448.4     -.421     848.4     -.580    1248.4     -.610
    48.83     -.054     448.8      .211     848.8      .466    1248.8      .588
    49.22      .257     449.2     -.035     849.2     -.265    1249.2     -.338
    49.61     -.574     449.6     -.380     849.6     -.120    1249.6      .035
    50.00      .859     450.0      .668     850.0      .427    1250.0      .343
    50.39    -1.110     450.4    -1.143     850.4     -.927    1250.4     -.830
    50.78     1.067     450.8     1.034     850.8      .917    1250.8      .868
    51.17    -1.038     451.2    -1.254     851.2    -1.159    1251.2    -1.132
    51.56      .657     451.6      .844     851.6      .823    1251.6      .851
    51.95     -.634     452.0     -.819     852.0     -.883    1252.0     -.879
    52.34      .268     452.3      .478     852.3      .527    1252.3      .640
    52.73     -.171     452.7     -.450     852.7     -.591    1252.7     -.620
    53.13     -.194     453.1      .033     853.1      .082    1253.1      .226
    53.52      .508     453.5      .248     853.5      .039    1253.5      .071
    53.91     -.479     453.9     -.478     853.9     -.455    1253.9     -.326
    54.30      .739     454.3      .623     854.3      .457    1254.3      .440
    54.69     -.402     454.7     -.573     854.7     -.589    1254.7     -.559
    55.08      .558     455.1      .535     855.1      .522    1255.1      .520
    55.47     -.166     455.5     -.393     855.5     -.437    1255.5     -.511
    55.86      .151     455.9      .260     855.9      .316    1255.9      .385
    56.25      .160     456.3     -.030     856.3     -.078    1256.3     -.278
    56.64     -.449     456.6     -.305     856.6     -.242    1256.6     -.166
    57.03      .674     457.0      .691     857.0      .673    1257.0      .498
    57.42     -.697     457.4     -.743     857.4     -.838    1257.4     -.767
    57.81      .670     457.8      .869     857.8      .891    1257.8      .787
    58.20     -.412     458.2     -.611     858.2     -.826    1258.2     -.836
    58.59      .526     458.6      .689     858.6      .767    1258.6      .747
    58.98     -.200     459.0     -.461     859.0     -.706    1259.0     -.807
    59.38      .244     459.4      .386     859.4      .454    1259.4      .581
    59.77      .219     459.8     -.050     859.8     -.235    1259.8     -.459
    60.16     -.447     460.2     -.385     860.2     -.253    1260.2     -.112
    60.55      .754     460.5      .654     860.5      .540    1260.5      .406
    60.94     -.943     460.9     -.987     860.9     -.920    1260.9     -.884
    61.33      .820     461.3      .875     861.3      .893    1261.3      .843
    61.72     -.844     461.7     -.864     861.7     -.959    1261.7    -1.004
    62.11      .685     462.1      .759     862.1      .756    1262.1      .831
    62.50     -.543     462.5     -.580     862.5     -.885    1262.5     -.938
    62.89      .488     462.9      .587     862.9      .580    1262.9      .715
    63.28     -.089     463.3     -.181     863.3     -.489    1263.3     -.630
    63.67     -.014     463.7      .091     863.7      .138    1263.7      .209
    64.06      .464     464.1      .321     864.1      .206    1264.1      .074
    64.45     -.391     464.5     -.287     864.5     -.293    1264.5     -.312
    64.84      .542     464.8      .393     864.8      .574    1264.8      .456
    65.23     -.493     465.2     -.388     865.2     -.382    1265.2     -.490
    65.63      .440     465.6      .390     865.6      .624    1265.6      .578
    66.02     -.332     466.0     -.329     866.0     -.376    1266.0     -.479
    66.41     .0055     466.4      .218     866.4      .324    1266.4      .343
    66.80      .262     466.8      .160     866.8      .066    1266.8     -.056
    67.19     -.555     467.2     -.240     867.2     -.351    1267.2     -.276
    67.58      .799     467.6      .737     867.6      .648    1267.6      .565
    67.97     -.648     468.0     -.464     868.0     -.667    1268.0     -.672
    68.36      .831     468.4      .829     868.4      .791    1268.4      .834
    68.75     -.600     468.8     -.592     868.8     -.712    1268.8     -.833
    69.14      .796     469.1      .842     869.1      .908    1269.1      .933
    69.53     -.454     469.5     -.698     869.5     -.653    1269.5     -.818
    69.92      .274     469.9      .424     869.9      .588    1269.9      .645
    70.31      .216     470.3     -.112     870.3     -.111    1270.3     -.239
    70.70     -.575     470.7     -.354     870.7     -.200    1270.7     -.186
    71.09      .703     471.1      .517     871.1      .459    1271.1      .392
    71.48     -.908     471.5     -.755     871.5     -.633    1271.5     -.677
    71.88      .754     471.9      .778     871.9      .555    1271.9      .640
    72.27     -.867     472.3     -.729     872.3     -.689    1272.3     -.759
    72.66      .734     472.7      .872     872.7      .746    1272.7      .762
    73.05     -.730     473.0     -.697     873.0     -.700    1273.0     -.727
    73.44      .363     473.4      .589     873.4      .659    1273.4      .647
    73.83     -.017     473.8     -.141     873.8     -.244    1273.8     -.175
    74.22     -.228     474.2     -.012     874.2      .164    1274.2      .153
    74.61      .373     474.6      .252     874.6      .243    1274.6      .241
    75.00     -.488     475.0     -.417     875.0     -.237    1275.0     -.203
    75.39      .519     475.4      .500     875.4      .502    1275.4      .457
    75.78     -.591     475.8     -.564     875.8     -.510    1275.8     -.415
    76.17      .487     476.2      .610     876.2      .614    1276.2      .493
    76.56     -.394     476.6     -.452     876.6     -.464    1276.6     -.427
    76.95     -.031     477.0      .247     877.0      .282    1277.0      .261
    77.34      .442     477.3      .291     877.3      .170    1277.3      .096
    77.73     -.693     477.7     -.369     877.7     -.328    1277.7     -.158
    78.13      .825     478.1      .738     878.1      .623    1278.1      .522
    78.52     -.831     478.5     -.687     878.5     -.585    1278.5     -.424
    78.91      .912     478.9      .934     878.9      .895    1278.9      .799
    79.30     -.905     479.3    -1.005     879.3     -.893    1279.3     -.780
    79.69      .798     479.7     1.003     879.7     1.037    1279.7     1.019
    80.08     -.669     480.1     -.905     880.1     -.856    1280.1     -.862
    80.47      .087     480.5      .402     880.5      .597    1280.5      .597
    80.86      .083     480.9     -.189     880.9     -.257    1280.9     -.398
    81.25     -.715     481.3     -.420     881.3     -.161    1281.3    -.0022
    81.64      .571     481.6      .440     881.6      .271    1281.6      .163
    82.03     -.959     482.0     -.739     882.0     -.516    1282.0     -.396
    82.42      .690     482.4      .666     882.4      .579    1282.4      .578
    82.81     -.950     482.8     -.892     882.8     -.781    1282.8     -.658
    83.20      .680     483.2      .775     883.2      .711    1283.2      .861
    83.59     -.626     483.6     -.697     883.6     -.679    1283.6     -.546
    83.98      .238     484.0      .410     884.0      .455    1284.0      .547
    84.38     -.042     484.4     -.197     884.4     -.243    1284.4     -.174
    84.77     -.232     484.8     -.089     884.8      .060    1284.8      .132
    85.16      .411     485.2      .257     885.2      .171    1285.2      .156
    85.55     -.572     485.5     -.485     885.5     -.367    1285.5     -.357
    85.94      .586     485.9      .543     885.9      .589    1285.9      .522
    86.33     -.620     486.3     -.742     886.3     -.744    1286.3     -.756
    86.72      .438     486.7      .584     886.7      .725    1286.7      .733
    87.11     -.092     487.1     -.366     887.1     -.483    1287.1     -.482
    87.50     -.275     487.5     -.039     887.5      .135    1287.5      .232
    87.89      .531     487.9      .287     887.9      .131    1287.9      .070
    88.28     -.616     488.3     -.491     888.3     -.306    1288.3     -.143
    88.67      .841     488.7      .697     888.7      .547    1288.7      .436
    89.06     -.893     489.1     -.898     889.1     -.822    1289.1     -.627
    89.45     1.016     489.5     1.038     889.5      .997    1289.5      .932
    89.84    -1.024     489.8    -1.246     889.8    -1.262    1289.8    -1.186
    90.23      .821     490.2     1.022     890.2     1.134    1290.2     1.118
    90.63     -.492     490.6     -.888     890.6    -1.015    1290.6    -1.021
    91.02    -.0091     491.0      .233     891.0      .400    1291.0      .467
    91.41      .244     491.4     -.147     891.4     -.311    1291.4     -.395
    91.80     -.503     491.8     -.329     891.8     -.168    1291.8     -.058
    92.19      .450     492.2      .298     892.2      .104    1292.2      .074
    92.58     -.744     492.6     -.649     892.6     -.535    1292.6     -.409
    92.97      .728     493.0      .654     893.0      .512    1293.0      .481
    93.36     -.892     493.4     -.914     893.4     -.896    1293.4     -.823
    93.75      .747     493.8      .804     893.8      .722    1293.8      .745
    94.14     -.369     494.1     -.595     894.1     -.658    1294.1     -.644
    94.53      .217     494.5      .371     894.5      .362    1294.5      .391
    94.92      .246     494.9     -.105     894.9     -.192    1294.9     -.272
    95.31     -.156     495.3     -.084     895.3     -.081    1295.3     -.037
    95.70      .524     495.7      .319     895.7      .282    1295.7      .168
    96.09     -.423     496.1     -.492     896.1     -.497    1296.1     -.482
    96.48      .627     496.5      .651     896.5      .681    1296.5      .643
    96.88     -.513     496.9     -.681     896.9     -.768    1296.9     -.830
    97.27      .323     497.3      .562     897.3      .611    1297.3      .696
    97.66     -.034     497.7     -.185     897.7     -.360    1297.7     -.478
    98.05     -.160     498.0      .048     898.0      .116    1298.0      .246
    98.44      .419     498.4      .333     898.4      .084    1298.4     -.056
    98.83     -.450     498.8     -.367     898.8     -.372    1298.8     -.238
    99.22      .832     499.2      .758     899.2      .585    1299.2      .412
    99.61     -.827     499.6     -.836     899.6     -.939    1299.6     -.867
    100.0     1.097     500.0     1.117     900.0     1.110    1300.0     1.000
    100.4     -.856     500.4    -1.083     900.4    -1.231    1300.4    -1.303
    100.8      .727     500.8      .858     900.8      .998    1300.8      .994
    101.2     -.437     501.2     -.684     901.2     -.835    1301.2     -.982
    101.6      .115     501.6      .239     901.6      .459    1301.6      .514
    102.0     -.046     502.0     -.105     902.0     -.400    1302.0     -.458
    102.3     -.181     502.3     -.142     902.3     -.019    1302.3      .102
    102.7      .346     502.7      .305     902.7      .032    1302.7     -.021
    103.1     -.600     503.1     -.456     903.1     -.530    1303.1     -.431
    103.5      .767     503.5      .722     903.5      .628    1303.5      .534
    103.9     -.559     503.9     -.511     903.9     -.637    1303.9     -.744
    104.3      .579     504.3      .571     904.3      .665    1304.3      .631
    104.7     -.234     504.7     -.275     904.7     -.327    1304.7     -.574
    105.1      .208     505.1      .256     905.1      .447    1305.1      .382
    105.5      .122     505.5     -.013     905.5      .043    1305.5     -.159
    105.9     -.221     505.9     -.105     905.9    -.0045    1305.9      .019
    106.3      .533     506.3      .318     906.3      .418    1306.3      .330
    106.6     -.693     506.6     -.519     906.6     -.630    1306.6     -.584
    107.0      .778     507.0      .732     907.0      .758    1307.0      .809
    107.4     -.509     507.4     -.476     907.4     -.713    1307.4     -.723
    107.8      .401     507.8      .564     907.8      .506    1307.8      .644
    108.2     -.011     508.2     -.105     908.2     -.296    1308.2     -.421
    108.6     .0078     508.6      .294     908.6      .231    1308.6      .297
    109.0      .381     509.0      .154     909.0      .112    1309.0     -.131
    109.4     -.410     509.4     -.184     909.4     -.160    1309.4     -.142
    109.8      .888     509.8      .641     909.8      .717    1309.8      .515
    110.2    -1.021     510.2     -.900     910.2     -.784    1310.2     -.892
    110.5     1.123     510.5      .983     910.5     1.057    1310.5     1.037
    110.9    -1.038     510.9    -1.075     910.9     -.964    1310.9    -1.106
    111.3      .690     511.3      .779     911.3      .752    1311.3      .849
    111.7     -.583     511.7     -.666     911.7     -.725    1311.7     -.722
    112.1      .152     512.1      .402     912.1      .419    1312.1      .482
    112.5     -.167     512.5     -.220     912.5     -.411    1312.5     -.381
    112.9     -.230     512.9      .062     912.9      .139    1312.9      .139
    113.3      .376     513.3      .334     913.3      .181    1313.3      .214
    113.7     -.658     513.7     -.445     913.7     -.244    1313.7     -.320
    114.1      .663     514.1      .635     914.1      .609    1314.1      .596
    114.5     -.600     514.5     -.537     914.5     -.363    1314.5     -.414
    114.8      .512     514.8      .535     914.8      .601    1314.8      .551
    115.2     -.332     515.2     -.411     915.2     -.317    1315.2     -.273
    115.6      .109     515.6      .224     915.6      .360    1315.6      .329
    116.0      .119     516.0     -.017     916.0     -.084    1316.0     -.056
    116.4     -.451     516.4     -.310     916.4     -.199    1316.4     -.150
    116.8      .728     516.8      .669     916.8      .541    1316.8      .536
    117.2     -.829     517.2     -.732     917.2     -.710    1317.2     -.591
    117.6      .819     517.6      .875     917.6      .775    1317.6      .750
    118.0     -.580     518.0     -.627     918.0     -.613    1318.0     -.542
    118.4      .531     518.4      .747     918.4      .726    1318.4      .729
    118.8     -.246     518.8     -.446     918.8     -.454    1318.8     -.455
    119.1      .064     519.1      .353     919.1      .498    1319.1      .611
    119.5      .228     519.5     -.058     919.5     -.080    1319.5     -.228
    119.9     -.714     519.9     -.471     919.9     -.148    1319.9     .0029
    120.3      .899     520.3      .710     920.3      .635    1320.3      .489
    120.7    -1.282     520.7    -1.183     920.7     -.895    1320.7     -.726
    121.1      .919     521.1      .881     921.1      .864    1321.1      .766
    121.5    -1.111     521.5    -1.127     921.5     -.980    1321.5     -.876
    121.9      .560     521.9      .693     921.9      .749    1321.9      .745
    122.3     -.701     522.3     -.773     922.3     -.805    1322.3     -.735
    122.7      .246     522.7      .466     922.7      .536    1322.7      .627
    123.0     -.241     523.0     -.342     923.0     -.416    1323.0     -.438
    123.4     -.313     523.4     -.110     923.4      .027    1323.4      .179
    123.8      .436     523.8      .376     923.8      .258    1323.8      .258
    124.2     -.652     524.2     -.508     924.2     -.381    1324.2     -.293
    124.6      .561     524.6      .517     924.6      .496    1324.6      .495
    125.0     -.560     525.0     -.601     925.0     -.524    1325.0     -.449
    125.4      .407     525.4      .445     925.4      .560    1325.4      .523
    125.8     -.253     525.8     -.440     925.8     -.502    1325.8     -.452
    126.2    -.0064     526.2      .173     926.2      .288    1326.2      .294
    126.6      .284     526.6      .014     926.6     -.027    1326.6     -.032
    127.0     -.592     527.0     -.500     927.0     -.433    1327.0     -.292
    127.3      .855     527.3      .757     927.3      .715    1327.3      .657
    127.7     -.823     527.7     -.838     927.7     -.827    1327.7     -.676
    128.1      .772     528.1      .829     928.1      .871    1328.1      .874
    128.5     -.594     528.5     -.751     928.5     -.833    1328.5     -.755
    128.9      .521     528.9      .657     928.9      .816    1328.9      .919
    129.3     -.334     529.3     -.625     929.3     -.750    1329.3     -.818
    129.7     -.023     529.7      .247     929.7      .474    1329.7      .630
    130.1      .310     530.1     -.059     930.1     -.171    1330.1     -.302
    130.5     -.782     530.5     -.637     930.5     -.428    1330.5     -.223
    130.9      .905     530.9      .677     930.9      .565    1330.9      .381
    131.3    -1.129     531.3    -1.125     931.3     -.990    1331.3     -.831
    131.6      .839     531.6      .852     931.6      .784    1331.6      .680
    132.0     -.885     532.0    -1.004     932.0    -1.013    1332.0     -.910
    132.4      .640     532.4      .759     932.4      .726    1332.4      .747
    132.8     -.699     532.8     -.845     932.8     -.915    1332.8     -.910
    133.2      .297     533.2      .484     933.2      .536    1333.2      .598
    133.6     -.041     533.6     -.251     933.6     -.396    1333.6     -.376
    134.0     -.215     534.0     -.113     934.0     -.047    1334.0      .049
    134.4      .537     534.4      .316     934.4      .198    1334.4      .185
    134.8     -.401     534.8     -.476     934.8     -.456    1334.8     -.346
    135.2      .617     535.2      .563     935.2      .521    1335.2      .472
    135.5     -.298     535.5     -.519     935.5     -.594    1335.5     -.551
    135.9      .454     535.9      .559     935.9      .572    1335.9      .586
    136.3     -.092     536.3     -.344     936.3     -.495    1336.3     -.564
    136.7     -.066     536.7      .103     936.7      .199    1336.7      .279
    137.1      .465     537.1      .319     937.1      .200    1337.1      .062
    137.5     -.635     537.5     -.532     937.5     -.520    1337.5     -.420
    137.9      .771     537.9      .732     937.9      .735    1337.9      .616
    138.3     -.689     538.3     -.767     938.3     -.839    1338.3     -.729
    138.7      .761     538.7      .842     938.7      .904    1338.7      .814
    139.1     -.642     539.1     -.831     939.1     -.999    1339.1    -1.021
    139.5      .666     539.5      .820     939.5      .940    1339.5      .971
    139.8     -.309     539.8     -.586     939.8     -.845    1339.8     -.995
    140.2      .085     540.2      .297     940.2      .400    1340.2      .507
    140.6      .293     540.6      .143     940.6     -.115    1340.6     -.383
    141.0     -.586     541.0     -.509     941.0     -.417    1341.0     -.320
    141.4      .643     541.4      .654     941.4      .551    1341.4      .303
    141.8     -.760     541.8     -.800     941.8     -.781    1341.8     -.723
    142.2      .630     542.2      .700     942.2      .708    1342.2      .563
    142.6     -.734     542.6     -.817     942.6     -.948    1342.6     -.912
    143.0      .680     543.0      .698     943.0      .778    1343.0      .811
    143.4     -.508     543.4     -.571     943.4     -.828    1343.4     -.845
    143.8      .375     543.8      .332     943.8      .474    1343.8      .546
    144.1      .041     544.1      .027     944.1     -.199    1344.1     -.307
    144.5     -.032     544.5     -.061     944.5     -.015    1344.5      .026
    144.9      .422     544.9      .406     944.9      .347    1344.9      .211
    145.3     -.372     545.3     -.289     945.3     -.268    1345.3     -.362
    145.7      .583     545.7      .572     945.7      .633    1345.7      .545
    146.1     -.458     546.1     -.417     946.1     -.464    1346.1     -.609
    146.5      .444     546.5      .502     946.5      .654    1346.5      .658
    146.9     -.039     546.9     -.136     946.9     -.258    1346.9     -.447
    147.3     -.158     547.3      .013     947.3      .038    1347.3      .140
    147.7      .541     547.7      .362     947.7      .317    1347.7      .185
    148.0     -.506     548.0     -.323     948.0     -.463    1348.0     -.375
    148.4      .819     548.4      .669     948.4      .673    1348.4      .596
    148.8     -.737     548.8     -.585     948.8     -.726    1348.8     -.756
    149.2      .984     549.2      .941     949.2      .958    1349.2      .926
    149.6     -.862     549.6     -.921     949.6     -.913    1349.6    -1.077
    150.0      .801     550.0      .975     950.0     1.004    1350.0     1.085
    150.4     -.455     550.4     -.601     950.4     -.584    1350.4     -.879
    150.8      .033     550.8      .224     950.8      .330    1350.8      .471
    151.2      .139     551.2     -.028     951.2     .0030    1351.2     -.198
    151.6     -.529     551.6     -.303     951.6     -.238    1351.6     -.160
    152.0      .484     552.0      .404     952.0      .291    1352.0      .274
    152.3     -.747     552.3     -.556     952.3     -.487    1352.3     -.453
    152.7      .745     552.7      .662     952.7      .509    1352.7      .586
    153.1     -.891     553.1     -.784     953.1     -.726    1353.1     -.674
    153.5      .731     553.5      .796     953.5      .736    1353.5      .829
    153.9     -.421     553.9     -.372     953.9     -.439    1353.9     -.434
    154.3      .240     554.3      .306     954.3      .445    1354.3      .490
    154.7      .060     554.7      .041     954.7     -.050    1354.7     .0037
    155.1     -.185     555.1     -.078     955.1      .123    1355.1      .032
    155.5      .426     555.5      .402     955.5      .337    1355.5      .368
    155.9     -.526     555.9     -.465     955.9     -.282    1355.9     -.307
    156.3      .675     556.3      .681     956.3      .629    1356.3      .568
    156.6     -.718     556.6     -.710     956.6     -.612    1356.6     -.586
    157.0      .463     557.0      .619     957.0      .640    1357.0      .578
    157.4     -.074     557.4     -.200     957.4     -.253    1357.4     -.250
    157.8     -.222     557.8      .032     957.8      .105    1357.8      .194
    158.2      .478     558.2      .324     958.2      .223    1358.2      .165
    158.6     -.618     558.6     -.350     958.6     -.236    1358.6     -.150
    159.0      .824     559.0      .679     959.0      .635    1359.0      .552
    159.4    -1.041     559.4     -.875     959.4     -.742    1359.4     -.582
    159.8     1.088     559.8     1.093     959.8     1.056    1359.8      .965
    160.2    -1.194     560.2    -1.242     960.2    -1.048    1360.2     -.994
    160.5      .721     560.5      .872     960.5      .971    1360.5      .965
    160.9     -.634     560.9     -.835     960.9     -.754    1360.9     -.801
    161.3     -.123     561.3      .163     961.3      .347    1361.3      .487
    161.7      .019     561.7     -.184     961.7     -.240    1361.7     -.338
    162.1     -.550     562.1     -.303     962.1     -.135    1362.1      .111
    162.5      .395     562.5      .264     962.5      .195    1362.5      .116
    162.9     -.844     562.9     -.623     962.9     -.544    1362.9     -.313
    163.3      .749     563.3      .700     963.3      .670    1363.3      .607
    163.7     -.866     563.7     -.737     963.7     -.720    1363.7     -.532
    164.1      .603     564.1      .642     964.1      .660    1364.1      .667
    164.5     -.366     564.5     -.426     964.5     -.435    1364.5     -.362
    164.8      .123     564.8      .242     964.8      .390    1364.8      .378
    165.2      .135     565.2     -.033     965.2     -.102    1365.2     -.071
    165.6     -.305     565.6     -.219     965.6     -.061    1365.6     .0022
    166.0      .537     566.0      .381     966.0      .348    1366.0      .315
    166.4     -.696     566.4     -.705     966.4     -.633    1366.4     -.576
    166.8      .754     566.8      .774     966.8      .844    1366.8      .773
    167.2     -.613     567.2     -.730     967.2     -.785    1367.2     -.685
    167.6      .244     567.6      .486     967.6      .575    1367.6      .638
    168.0     .0030     568.0     -.203     968.0     -.311    1368.0     -.343
    168.4     -.303     568.4      .019     968.4      .187    1368.4      .351
    168.8      .427     568.8      .190     968.8      .073    1368.8     -.043
    169.1     -.775     569.1     -.493     969.1     -.336    1369.1     -.102
    169.5      .892     569.5      .707     969.5      .630    1369.5      .513
    169.9    -1.208     569.9    -1.159     969.9    -1.084    1369.9     -.881
    170.3     1.104     570.3     1.063     970.3     1.118    1370.3     1.049
    170.7    -1.111     570.7    -1.287     970.7    -1.299    1370.7    -1.209
    171.1      .635     571.1      .742     971.1      .791    1371.1      .842
    171.5     -.444     571.5     -.732     971.5     -.852    1371.5     -.876
    171.9      .071     571.9      .248     971.9      .305    1371.9      .472
    172.3      .037     572.3     -.251     972.3     -.382    1372.3     -.479
    172.7     -.375     572.7     -.135     972.7     -.051    1372.7      .100
    173.0      .452     573.0      .287     973.0      .129    1373.0      .091
    173.4     -.811     573.4     -.615     973.4     -.602    1373.4     -.445
    173.8      .756     573.8      .725     973.8      .651    1373.8      .618
    174.2     -.625     574.2     -.710     974.2     -.705    1374.2     -.614
    174.6      .554     574.6      .575     974.6      .581    1374.6      .578
    175.0     -.194     575.0     -.382     975.0     -.489    1375.0     -.470
    175.4      .217     575.4      .208     975.4      .254    1375.4      .344
    175.8      .308     575.8      .063     975.8     -.095    1375.8     -.169
    176.2     -.234     576.2     -.246     976.2     -.212    1376.2     -.172
    176.6      .712     576.6      .624     976.6      .509    1376.6      .440
    177.0     -.678     577.0     -.699     977.0     -.812    1377.0     -.761
    177.3      .698     577.3      .826     977.3      .853    1377.3      .822
    177.7     -.452     577.7     -.584     977.7     -.750    1377.7     -.784
    178.1      .221     578.1      .539     978.1      .622    1378.1      .643
    178.5     -.059     578.5     -.302     978.5     -.428    1378.5     -.530
    178.9     -.150     578.9      .074     978.9      .204    1378.9      .345
    179.3      .373     579.3      .123     979.3     -.021    1379.3     -.220
    179.7     -.614     579.7     -.507     979.7     -.450    1379.7     -.303
    180.1      .997     580.1      .778     980.1      .728    1380.1      .532
    180.5     -.956     580.5    -1.063     980.5    -1.136    1380.5    -1.077
    180.9     1.005     580.9     1.015     980.9     1.033    1380.9      .916
    181.3     -.731     581.3     -.945     981.3    -1.178    1381.3    -1.229
    181.6      .601     581.6      .745     981.6      .837    1381.6      .762
    182.0     -.398     582.0     -.563     982.0     -.745    1382.0     -.877
    182.4      .233     582.4      .381     982.4      .474    1382.4      .528
    182.8     -.113     582.8     -.200     982.8     -.464    1382.8     -.575
    183.2     -.205     583.2     -.092     983.2     -.068    1383.2      .047
    183.6      .467     583.6      .378     983.6      .269    1383.6      .195
    184.0     -.422     584.0     -.464     984.0     -.511    1384.0     -.442
    184.4      .579     584.4      .560     984.4      .588    1384.4      .557
    184.8     -.336     584.8     -.386     984.8     -.569    1384.8     -.604
    185.2      .535     585.2      .432     985.2      .593    1385.2      .561
    185.5     -.155     585.5     -.114     985.5     -.249    1385.5     -.395
    185.9      .198     585.9      .254     985.9      .338    1385.9      .311
    186.3      .222     586.3      .175     986.3      .158    1386.3     -.014
    186.7     -.486     586.7     -.264     986.7     -.296    1386.7     -.288
    187.1      .801     587.1      .715     987.1      .757    1387.1      .735
    187.5     -.745     587.5     -.562     987.5     -.711    1387.5     -.761
    187.9      .641     587.9      .708     987.9      .796    1387.9      .857
    188.3     -.455     588.3     -.533     988.3     -.652    1388.3     -.734
    188.7      .459     588.7      .577     988.7      .646    1388.7      .716
    189.1     -.203     589.1     -.410     989.1     -.454    1389.1     -.605
    189.5      .085     589.5      .340     989.5      .347    1389.5      .394
    189.8      .384     589.8     -.024     989.8      .120    1389.8     -.100
    190.2     -.628     590.2     -.384     990.2     -.358    1390.2     -.351
    190.6     1.008     590.6      .708     990.6      .751    1390.6      .640
    191.0    -1.029     591.0     -.865     991.0     -.825    1391.0     -.912
    191.4      .900     591.4      .843     991.4      .838    1391.4      .917
    191.8     -.852     591.8     -.821     991.8     -.766    1391.8     -.891
    192.2      .598     592.2      .716     992.2      .607    1392.2      .788
    192.6     -.581     592.6     -.609     992.6     -.647    1392.6     -.729
    193.0      .232     593.0      .496     993.0      .426    1393.0      .570
    193.4     -.051     593.4     -.178     993.4     -.251    1393.4     -.245
    193.8     -.284     593.8     -.047     993.8      .054    1393.8      .015
    194.1      .511     594.1      .401     994.1      .266    1394.1      .297
    194.5     -.521     594.5     -.366     994.5     -.217    1394.5     -.291
    194.9      .629     594.9      .585     994.9      .553    1394.9      .545
    195.3     -.481     595.3     -.435     995.3     -.348    1395.3     -.372
    195.7      .512     595.7      .536     995.7      .636    1395.7      .548
    196.1     -.262     596.1     -.263     996.1     -.289    1396.1     -.251
    196.5     -.015     596.5      .147     996.5      .234    1396.5      .236
    196.9      .359     596.9      .305     996.9      .208    1396.9      .293
    197.3     -.711     597.3     -.492     997.3     -.344    1397.3     -.369
    197.7      .787     597.7      .753     997.7      .640    1397.7      .646
    198.0     -.851     598.0     -.713     998.0     -.599    1398.0     -.552
    198.4      .778     598.4      .842     998.4      .801    1398.4      .740
    198.8     -.731     598.8     -.806     998.8     -.750    1398.8     -.744
    199.2      .607     599.2      .812     999.2      .903    1399.2      .822
    199.6     -.438     599.6     -.719     999.6     -.636    1399.6     -.717
    200.0      .014     600.0      .313    1000.0      .448    1400.0      .489
    200.4      .354     600.4     .0050    1000.4     -.014    1400.4     -.102
    200.8     -.841     600.8     -.539    1000.8     -.338    1400.8     -.251
    201.2      .834     601.2      .556    1001.2      .526    1401.2      .472
    201.6    -1.094     601.6     -.883    1001.6     -.734    1401.6     -.627
    202.0      .776     602.0      .700    1002.0      .640    1402.0      .696
    202.3     -.951     602.3     -.854    1002.3     -.841    1402.3     -.765
    202.7      .629     602.7      .734    1002.7      .725    1402.7      .830
    203.1     -.710     603.1     -.721    1003.1     -.734    1403.1     -.705
    203.5      .200     603.5      .439    1003.5      .457    1403.5      .549
    203.9    -.0061     603.9     -.094    1003.9     -.117    1403.9     -.144
    204.3     -.328     604.3     -.084    1004.3     -.022    1404.3      .050
    204.7      .423     604.7      .342    1004.7      .319    1404.7      .305
    205.1     -.553     605.1     -.413    1005.1     -.328    1405.1     -.286
    205.5      .569     605.5      .519    1005.5      .579    1405.5      .582
    205.9     -.505     605.9     -.577    1005.9     -.591    1405.9     -.524
    206.3      .419     606.3      .488    1006.3      .596    1406.3      .658
    206.6     -.149     606.6     -.394    1006.6     -.479    1406.6     -.361
    207.0     -.209     607.0     -.027    1007.0      .120    1407.0      .118
    207.4      .576     607.4      .303    1007.4      .206    1407.4      .272
    207.8     -.781     607.8     -.611    1007.8     -.492    1407.8     -.400
    208.2      .850     608.2      .740    1008.2      .664    1408.2      .650
    208.6     -.914     608.6     -.840    1008.6     -.735    1408.6     -.694
    209.0      .841     609.0      .887    1009.0      .956    1409.0      .916
    209.4     -.902     609.4    -1.056    1009.4    -1.038    1409.4    -1.058
    209.8      .629     609.8      .845    1009.8      .986    1409.8     1.029
    210.2     -.362     610.2     -.752    1010.2     -.817    1410.2     -.814
    210.5     -.166     610.5      .142    1010.5      .289    1410.5      .363
    210.9      .403     610.9     -.028    1010.9     -.143    1410.9     -.134
    211.3     -.740     611.3     -.599    1011.3     -.491    1411.3     -.360
    211.7      .784     611.7      .505    1011.7      .319    1411.7      .339
    212.1     -.822     612.1     -.780    1012.1     -.764    1412.1     -.623
    212.5      .835     612.5      .715    1012.5      .593    1412.5      .614
    212.9     -.869     612.9     -.959    1012.9     -.970    1412.9     -.906
    213.3      .748     613.3      .803    1013.3      .755    1413.3      .812
    213.7     -.535     613.7     -.620    1013.7     -.690    1413.7     -.641
    214.1      .149     614.1      .365    1014.1      .377    1414.1      .379
    214.5      .110     614.5     -.074    1014.5     -.127    1414.5     -.142
    214.8     -.281     614.8     -.173    1014.8     -.113    1414.8     -.087
    215.2      .506     615.2      .360    1015.2      .289    1415.2      .251
    215.6     -.391     615.6     -.493    1015.6     -.495    1415.6     -.440
    216.0      .620     616.0      .593    1016.0      .593    1416.0      .570
    216.4     -.386     616.4     -.625    1016.4     -.740    1416.4     -.785
    216.8      .457     616.8      .496    1016.8      .599    1416.8      .600
    217.2      .093     617.2     -.161    1017.2     -.329    1417.2     -.413
    217.6     -.231     617.6     -.079    1017.6      .023    1417.6      .036
    218.0      .552     618.0      .432    1018.0      .330    1418.0      .170
    218.4     -.653     618.4     -.552    1018.4     -.466    1418.4     -.440
    218.8      .758     618.8      .716    1018.8      .711    1418.8      .574
    219.1     -.882     619.1     -.943    1019.1     -.903    1419.1     -.880
    219.5      .907     619.5     1.010    1019.5     1.064    1419.5     1.000
    219.9     -.831     619.9    -1.095    1019.9    -1.215    1419.9    -1.261
    220.3      .665     620.3      .837    1020.3      .919    1420.3      .960
    220.7     -.201     620.7     -.624    1020.7     -.817    1420.7     -.926
    221.1      .029     621.1      .203    1021.1      .219    1421.1      .357
    221.5      .353     621.5      .106    1021.5     -.133    1421.5     -.236
    221.9     -.358     621.9     -.281    1021.9     -.288    1421.9     -.200
    222.3      .567     622.3      .502    1022.3      .330    1422.3      .237
    222.7     -.576     622.7     -.568    1022.7     -.618    1422.7     -.533
    223.0      .672     623.0      .770    1023.0      .675    1423.0      .686
    223.4     -.738     623.4     -.708    1023.4     -.838    1423.4     -.844
    223.8      .584     623.8      .638    1023.8      .659    1423.8      .758
    224.2     -.313     624.2     -.314    1024.2     -.495    1424.2     -.602
    224.6      .180     624.6      .195    1024.6      .285    1424.6      .386
    225.0      .130     625.0      .085    1025.0     -.041    1425.0     -.159
    225.4     -.154     625.4     -.136    1025.4     -.099    1425.4     -.143
    225.8      .513     625.8      .460    1025.8      .440    1425.8      .324
    226.2     -.442     626.2     -.407    1026.2     -.459    1426.2     -.580
    226.6      .674     626.6      .683    1026.6      .840    1426.6      .755
    227.0     -.428     627.0     -.397    1027.0     -.549    1427.0     -.707
    227.3      .339     627.3      .405    1027.3      .572    1427.3      .572
    227.7      .080     627.7     .0061    1027.7     -.085    1427.7     -.220
    228.1     -.154     628.1     -.022    1028.1      .054    1428.1      .093
    228.5      .457     628.5      .266    1028.5      .234    1428.5      .181
    228.9     -.528     628.9     -.411    1028.9     -.391    1428.9     -.416
    229.3      .878     629.3      .676    1029.3      .641    1429.3      .651
    229.7     -.936     629.7     -.887    1029.7     -.944    1429.7    -1.022
    230.1     1.088     630.1     1.051    1030.1     1.084    1430.1     1.067
    230.5     -.829     630.5     -.950    1030.5    -1.025    1430.5    -1.201
    230.9      .635     630.9      .797    1030.9      .779    1430.9      .873
    231.3     -.296     631.3     -.478    1031.3     -.500    1431.3     -.698
    231.6      .045     631.6      .353    1031.6      .298    1431.6      .394
    232.0      .100     632.0     -.052    1032.0     -.087    1432.0     -.117
    232.4     -.373     632.4     -.065    1032.4     -.012    1432.4      .042
    232.8      .479     632.8      .386    1032.8      .216    1432.8      .331
    233.2     -.814     633.2     -.558    1033.2     -.459    1433.2     -.490
    233.6      .729     633.6      .740    1033.6      .601    1433.6      .748
    234.0     -.659     634.0     -.594    1034.0     -.550    1434.0     -.631
    234.4      .438     634.4      .531    1034.4      .503    1434.4      .514
    234.8     -.266     634.8     -.275    1034.8     -.289    1434.8     -.379
    235.2      .108     635.2      .224    1035.2      .317    1435.2      .176
    235.5      .139     635.5      .071    1035.5      .033    1435.5     .0002
    235.9     -.333     635.9     -.187    1035.9     -.022    1435.9     -.150
    236.3      .643     636.3      .556    1036.3      .555    1436.3      .474
    236.7     -.788     636.7     -.696    1036.7     -.543    1436.7     -.529
    237.1      .806     637.1      .814    1037.1      .860    1437.1      .862
    237.5     -.551     637.5     -.567    1037.5     -.556    1437.5     -.462
    237.9      .293     637.9      .455    1037.9      .578    1437.9      .563
    238.3     -.033     638.3     -.196    1038.3     -.253    1438.3     -.191
    238.7     -.143     638.7      .098    1038.7      .246    1438.7      .235
    239.1      .357     639.1      .182    1039.1     .0092    1439.1      .021
    239.5     -.706     639.5     -.454    1039.5     -.291    1439.5     -.259
    239.8      .942     639.8      .826    1039.8      .709    1439.8      .555
    240.2    -1.226     640.2    -1.113    1040.2     -.926    1440.2     -.830
    240.6     1.056     640.6     1.119    1040.6     1.014    1440.6     1.002
    241.0    -1.023     641.0    -1.096    1041.0     -.970    1441.0     -.926
    241.4      .540     641.4      .730    1041.4      .772    1441.4      .865
    241.8     -.448     641.8     -.628    1041.8     -.634    1441.8     -.554
    242.2      .043     642.2      .288    1042.2      .388    1442.2      .602
    242.6     -.054     642.6     -.223    1042.6     -.307    1442.6     -.262
    243.0     -.413     643.0     -.213    1043.0     -.112    1443.0      .075
    243.4      .471     643.4      .384    1043.4      .297    1443.4      .297
    243.8     -.782     643.8     -.659    1043.8     -.534    1443.8     -.412
    244.1      .620     644.1      .627    1044.1      .604    1444.1      .524
    244.5     -.642     644.5     -.601    1044.5     -.524    1444.5     -.554
    244.9      .356     644.9      .475    1044.9      .545    1444.9      .492
    245.3     -.281     645.3     -.334    1045.3     -.305    1445.3     -.342
    245.7     .0086     645.7      .157    1045.7      .329    1445.7      .267
    246.1      .185     646.1      .082    1046.1      .073    1446.1      .016
    246.5     -.524     646.5     -.472    1046.5     -.336    1446.5     -.248
    246.9      .796     646.9      .720    1046.9      .759    1446.9      .722
    247.3     -.821     647.3     -.881    1047.3     -.856    1447.3     -.674
    247.7      .715     647.7      .768    1047.7      .847    1447.7      .802
    248.0     -.481     648.0     -.667    1048.0     -.748    1448.0     -.595
    248.4      .287     648.4      .466    1048.4      .625    1448.4      .673
    248.8     -.116     648.8     -.358    1048.8     -.526    1448.8     -.513
    249.2     -.195     649.2      .097    1049.2      .296    1449.2      .381
    249.6      .391     649.6      .136    1049.6     -.023    1449.6     -.114
    250.0     -.901     650.0     -.709    1050.0     -.509    1450.0     -.363
    250.4     1.042     650.4      .889    1050.4      .772    1450.4      .683
    250.8    -1.266     650.8    -1.232    1050.8    -1.142    1450.8    -1.004
    251.2      .987     651.2      .970    1051.2      .935    1451.2      .901
    251.6     -.889     651.6    -1.081    1051.6    -1.061    1451.6     -.949
    252.0      .590     652.0      .641    1052.0      .633    1452.0      .764
    252.3     -.459     652.3     -.693    1052.3     -.774    1452.3     -.747
    252.7      .222     652.7      .342    1052.7      .381    1452.7      .516
    253.1     -.012     653.1     -.267    1053.1     -.387    1453.1     -.367
    253.5     -.364     653.5     -.252    1053.5     -.157    1453.5     -.044
    253.9      .519     653.9      .433    1053.9      .299    1453.9      .294
    254.3     -.659     654.3     -.608    1054.3     -.525    1454.3     -.497
    254.7      .605     654.7      .595    1054.7      .526    1454.7      .521
    255.1     -.515     655.1     -.614    1055.1     -.568    1455.1     -.577
    255.5      .405     655.5      .432    1055.5      .489    1455.5      .526
    255.9     -.104     655.9     -.277    1055.9     -.377    1455.9     -.447
    256.3     .0050     656.3      .060    1056.3      .135    1456.3      .211
    256.6      .428     656.6      .274    1056.6      .167    1456.6      .099
    257.0     -.541     657.0     -.589    1057.0     -.537    1457.0     -.454
    257.4      .834     657.4      .876    1057.4      .780    1457.4      .703
    257.8     -.663     657.8     -.755    1057.8     -.843    1457.8     -.769
    258.2      .684     658.2      .826    1058.2      .859    1458.2      .878
    258.6     -.518     658.6     -.625    1058.6     -.818    1458.6     -.805
    259.0      .429     659.0      .588    1059.0      .710    1459.0      .786
    259.4     -.193     659.4     -.420    1059.4     -.661    1459.4     -.730
    259.8     -.083     659.8      .056    1059.8      .200    1459.8      .343
    260.2      .513     660.2      .213    1060.2      .049    1460.2     -.091
    260.5     -.695     660.5     -.743    1060.5     -.681    1460.5     -.559
    260.9      .925     660.9      .855    1060.9      .686    1460.9      .530
    261.3     -.812     661.3    -1.026    1061.3    -1.080    1461.3     -.970
    261.7      .804     661.7      .952    1061.7      .845    1461.7      .733
    262.1     -.635     662.1     -.769    1062.1     -.963    1462.1     -.962
    262.5      .624     662.5      .798    1062.5      .787    1462.5      .717
    262.9     -.461     662.9     -.544    1062.9     -.772    1462.9     -.860
    263.3      .220     663.3      .413    1063.3      .447    1463.3      .515
    263.7      .055     663.7      .036    1063.7     -.175    1463.7     -.259
    264.1     -.223     664.1     -.189    1064.1     -.172    1464.1     -.123
    264.5      .383     664.5      .373    1064.5      .324    1464.5      .264
    264.8     -.376     664.8     -.448    1064.8     -.489    1464.8     -.489
    265.2      .517     665.2      .449    1065.2      .549    1465.2      .518
    265.6     -.363     665.6     -.366    1065.6     -.479    1465.6     -.627
    266.0      .466     666.0      .393    1066.0      .566    1466.0      .494
    266.4     -.113     666.4     -.115    1066.4     -.196    1466.4     -.408
    266.8     -.066     666.8      .041    1066.8      .151    1466.8      .102
    267.2      .541     667.2      .571    1067.2      .524    1467.2      .326
    267.6     -.586     667.6     -.454    1067.6     -.456    1467.6     -.518
    268.0      .761     668.0      .780    1068.0      .858    1468.0      .802
    268.4     -.625     668.4     -.554    1068.4     -.704    1468.4     -.767
    268.8      .799     668.8      .755    1068.8      .862    1468.8      .936
    269.1     -.693     669.1     -.706    1069.1     -.888    1469.1     -.964
    269.5      .696     669.5      .663    1069.5      .734    1469.5      .897
    269.9     -.269     669.9     -.503    1069.9     -.598    1469.9     -.754
    270.3      .024     670.3      .163    1070.3      .148    1470.3      .241
    270.7      .453     670.7      .205    1070.7      .150    1470.7     -.075
    271.1     -.625     671.1     -.490    1071.1     -.500    1471.1     -.492
    271.5      .746     671.5      .695    1071.5      .658    1471.5      .507
    271.9     -.744     671.9     -.644    1071.9     -.622    1471.9     -.755
    272.3      .727     672.3      .798    1072.3      .704    1472.3      .763
    272.7     -.826     672.7     -.752    1072.7     -.680    1472.7     -.809
    273.0      .599     673.0      .760    1073.0      .683    1473.0      .868
    273.4     -.475     673.4     -.528    1073.4     -.496    1473.4     -.549
    273.8      .076     673.8      .287    1073.8      .280    1473.8      .434
    274.2      .128     674.2     -.048    1074.2     -.068    1474.2     -.035
    274.6     -.339     674.6     -.226    1074.6     -.092    1474.6     -.084
    275.0      .454     675.0      .383    1075.0      .324    1475.0      .327
    275.4     -.509     675.4     -.474    1075.4     -.243    1475.4     -.413
    275.8      .623     675.8      .617    1075.8      .613    1475.8      .537
    276.2     -.561     676.2     -.552    1076.2     -.403    1476.2     -.491
    276.6      .452     676.6      .555    1076.6      .635    1476.6      .524
    277.0     -.036     677.0     -.019    1077.0     -.042    1477.0     -.074
    277.3     -.269     677.3     -.075    1077.3      .083    1477.3      .082
    277.7      .610     677.7      .501    1077.7      .364    1477.7      .486
    278.1     -.705     678.1     -.453    1078.1     -.377    1478.1     -.254
    278.5      .874     678.5      .798    1078.5      .631    1478.5      .682
    278.9     -.919     678.9     -.806    1078.9     -.772    1478.9     -.623
    279.3      .993     679.3     1.004    1079.3      .923    1479.3      .884
    279.7    -1.001     679.7    -1.063    1079.7    -1.086    1479.7     -.944
    280.1      .689     680.1      .840    1080.1      .912    1480.1      .779
    280.5     -.404     680.5     -.551    1080.5     -.624    1480.5     -.687
    280.9     -.220     680.9      .025    1080.9      .244    1480.9      .268
    281.3      .301     681.3      .117    1081.3      .061    1481.3     -.085
    281.6     -.735     681.6     -.512    1081.6     -.271    1481.6     -.132
    282.0      .593     682.0      .493    1082.0      .434    1482.0      .337
    282.4     -.861     682.4     -.753    1082.4     -.567    1482.4     -.376
    282.8      .714     682.8      .713    1082.8      .700    1482.8      .695
    283.2     -.928     683.2     -.931    1083.2     -.836    1483.2     -.662
    283.6      .576     683.6      .648    1083.6      .631    1483.6      .719
    284.0     -.432     684.0     -.505    1084.0     -.450    1484.0     -.426
    284.4    -.0023     684.4      .125    1084.4      .219    1484.4      .319
    284.8      .082     684.8     -.014    1084.8      .016    1484.8     -.123
    285.2     -.423     685.2     -.266    1085.2     -.148    1485.2     -.075
    285.5      .397     685.5      .376    1085.5      .418    1485.5      .324
    285.9     -.651     685.9     -.583    1085.9     -.467    1485.9     -.476
    286.3      .579     686.3      .659    1086.3      .786    1486.3      .737
    286.7     -.593     686.7     -.661    1086.7     -.659    1486.7     -.601
    287.1      .284     687.1      .432    1087.1      .567    1487.1      .598
    287.5      .110     687.5     -.103    1087.5     -.167    1487.5     -.129
    287.9     -.348     687.9     -.168    1087.9     -.012    1487.9      .134
    288.3      .630     688.3      .449    1088.3      .269    1488.3      .241
    288.7     -.754     688.7     -.605    1088.7     -.502    1488.7     -.288
    289.1      .900     689.1      .764    1089.1      .663    1489.1      .602
    289.5    -1.111     689.5    -1.074    1089.5    -1.044    1489.5     -.894
    289.8      .997     689.8     1.057    1089.8     1.120    1489.8     1.026
    290.2    -1.029     690.2    -1.184    1090.2    -1.250    1490.2    -1.175
    290.6      .475     690.6      .638    1090.6      .817    1490.6      .819
    291.0     -.364     691.0     -.620    1091.0     -.702    1491.0     -.745
    291.4     -.211     691.4    -.0092    1091.4      .166    1491.4      .271
    291.8      .279     691.8    -.0030    1091.8     -.142    1491.8     -.185
    292.2     -.531     692.2     -.426    1092.2     -.262    1492.2     -.081
    292.6      .611     692.6      .398    1092.6      .252    1492.6      .243
    293.0     -.818     693.0     -.777    1093.0     -.723    1493.0     -.581
    293.4      .859     693.4      .807    1093.4      .704    1493.4      .708
    293.8     -.776     693.8     -.836    1093.8     -.827    1493.8     -.721
    294.1      .494     694.1      .603    1094.1      .567    1494.1      .580
    294.5     -.276     694.5     -.415    1094.5     -.449    1494.5     -.446
    294.9     .0067     694.9      .154    1094.9      .191    1494.9      .223
    295.3      .226     695.3      .041    1095.3     -.012    1495.3     -.099
    295.7     -.314     695.7     -.306    1095.7     -.221    1495.7     -.119
    296.1      .595     696.1      .478    1096.1      .432    1496.1      .408
    296.5     -.599     696.5     -.711    1096.5     -.735    1496.5     -.698
    296.9      .790     696.9      .780    1096.9      .847    1496.9      .868
    297.3     -.377     697.3     -.547    1097.3     -.732    1497.3     -.719
    297.7      .243     697.7      .382    1097.7      .490    1497.7      .581
    298.0      .179     698.0      .021    1098.0     -.195    1498.0     -.277
    298.4     -.295     698.4     -.077    1098.4     -.029    1498.4      .128
    298.8      .492     698.8      .418    1098.8      .231    1498.8      .055
    299.2     -.695     699.2     -.591    1099.2     -.572    1499.2     -.367
    299.6      .907     699.6      .865    1099.6      .763    1499.6      .571
    300.0    -1.041     700.0    -1.135    1100.0    -1.208    1500.0    -1.103
    300.4     1.032     700.4     1.050    1100.4     1.107    1500.4     1.007
    300.8     -.768     700.8    -1.136    1100.8    -1.261    1500.8    -1.293
    301.2      .534     701.2      .629    1101.2      .729    1501.2      .747
    301.6     -.162     701.6     -.538    1101.6     -.699    1501.6     -.821
    302.0      .045     702.0      .103    1102.0      .232    1502.0      .292
    302.3      .137     702.3      .019    1102.3     -.145    1502.3     -.352
    302.7     -.269     702.7     -.251    1102.7     -.175    1502.7     -.108
    303.1      .456     703.1      .491    1103.1      .417    1503.1      .177
    303.5     -.612     703.5     -.595    1103.5     -.599    1503.5     -.573
    303.9      .609     703.9      .719    1103.9      .734    1503.9      .634
    304.3     -.488     704.3     -.534    1104.3     -.619    1504.3     -.695
    304.7      .387     704.7      .433    1104.7      .509    1504.7      .538
    305.1     -.112     705.1     -.256    1105.1     -.335    1505.1     -.423
    305.5      .111     705.5      .047    1105.5      .171    1505.5      .192
    305.9      .266     705.9      .182    1105.9      .091    1505.9     -.011
    306.3     -.298     706.3     -.368    1106.3     -.317    1506.3     -.400
    306.6      .720     706.6      .669    1106.6      .720    1506.6      .628
    307.0     -.604     707.0     -.556    1107.0     -.705    1507.0     -.809
    307.4      .684     707.4      .740    1107.4      .859    1507.4      .836
    307.8     -.394     707.8     -.262    1107.8     -.454    1507.8     -.645
    308.2      .310     708.2      .448    1108.2      .513    1508.2      .597
    308.6     -.036     708.6     -.044    1108.6     -.206    1508.6     -.318
    309.0     -.089     709.0      .073    1109.0      .107    1509.0      .216
    309.4      .418     709.4      .291    1109.4      .161    1509.4      .099
    309.8     -.704     709.8     -.578    1109.8     -.603    1509.8     -.474
    310.2     1.017     710.2      .820    1110.2      .818    1510.2      .840
    310.5    -1.002     710.5    -1.016    1110.5    -1.089    1510.5    -1.160
    310.9      .976     710.9      .912    1110.9      .964    1510.9      .924
    311.3     -.764     711.3     -.827    1111.3     -.821    1511.3    -1.096
    311.7      .568     711.7      .631    1111.7      .686    1511.7      .665
    312.1     -.387     712.1     -.438    1112.1     -.388    1512.1     -.708
    312.5      .190     712.5      .368    1112.5      .457    1512.5      .469
    312.9    -.0090     712.9     -.077    1112.9     -.093    1512.9     -.262
    313.3     -.416     713.3     -.169    1113.3     -.034    1513.3      .032
    313.7      .527     713.7      .462    1113.7      .403    1513.7      .501
    314.1     -.624     714.1     -.496    1114.1     -.411    1514.1     -.386
    314.5      .552     714.5      .542    1114.5      .437    1514.5      .666
    314.8     -.471     714.8     -.521    1114.8     -.433    1514.8     -.412
    315.2      .374     715.2      .433    1115.2      .383    1515.2      .465
    315.6     -.181     715.6     -.218    1115.6     -.245    1515.6     -.263
    316.0      .022     716.0      .137    1116.0      .216    1516.0      .139
    316.4      .374     716.4      .298    1116.4      .202    1516.4      .126
    316.8     -.658     716.8     -.418    1116.8     -.275    1516.8     -.372
    317.2      .898     717.2      .870    1117.2      .799    1517.2      .756
    317.6     -.806     717.6     -.578    1117.6     -.545    1517.6     -.558
    318.0      .751     718.0      .797    1118.0      .792    1518.0      .858
    318.4     -.530     718.4     -.498    1118.4     -.572    1518.4     -.455
    318.8      .442     718.8      .625    1118.8      .660    1518.8      .699
    319.1     -.198     719.1     -.365    1119.1     -.525    1519.1     -.394
    319.5     -.097     719.5      .120    1119.5      .261    1519.5      .307
    319.9      .473     719.9      .219    1119.9      .055    1519.9     -.015
    320.3     -.932     720.3     -.733    1120.3     -.501    1520.3     -.477
    320.7      .986     720.7      .781    1120.7      .755    1520.7      .505
    321.1    -1.228     721.1    -1.077    1121.1     -.864    1521.1     -.892
    321.5      .830     721.5      .794    1121.5      .919    1521.5      .721
    321.9     -.927     721.9     -.912    1121.9     -.759    1521.9     -.766
    322.3      .475     722.3      .636    1122.3      .831    1522.3      .753
    322.7     -.565     722.7     -.653    1122.7     -.607    1522.7     -.599
    323.0      .074     723.0      .277    1123.0      .443    1523.0      .581
    323.4      .066     723.4     -.028    1123.4     -.137    1523.4     -.057
    323.8     -.454     723.8     -.301    1123.8     -.199    1523.8      .021
    324.2      .501     724.2      .464    1124.2      .289    1524.2      .342
    324.6     -.595     724.6     -.536    1124.6     -.465    1524.6     -.311
    325.0      .512     725.0      .539    1125.0      .472    1525.0      .511
    325.4     -.521     725.4     -.526    1125.4     -.510    1525.4     -.456
    325.8      .315     725.8      .486    1125.8      .525    1525.8      .527
    326.2     -.189     726.2     -.305    1126.2     -.309    1526.2     -.320
    326.6     -.237     726.6     -.033    1126.6      .169    1526.6      .175
    327.0      .567     727.0      .445    1127.0      .416    1527.0      .375
    327.3     -.805     727.3     -.672    1127.3     -.589    1527.3     -.446
    327.7      .903     727.7      .848    1127.7      .847    1527.7      .784
    328.1     -.768     728.1     -.795    1128.1     -.761    1528.1     -.600
    328.5      .775     728.5      .835    1128.5      .897    1528.5      .845
    328.9     -.611     728.9     -.745    1128.9     -.924    1528.9     -.774
    329.3      .484     729.3      .654    1129.3      .760    1529.3      .825
    329.7     -.263     729.7     -.541    1129.7     -.744    1529.7     -.716
    330.1     -.276     730.1     -.060    1130.1      .191    1530.1      .250
    330.5      .543     730.5      .233    1130.5      .094    1530.5     -.048
    330.9    -1.049     730.9     -.915    1130.9     -.741    1530.9     -.557
    331.3      .886     731.3      .690    1131.3      .665    1531.3      .508
    331.6    -1.070     731.6    -1.091    1131.6     -.942    1531.6     -.804
    332.0      .795     732.0      .687    1132.0      .774    1532.0      .662
    332.4     -.812     732.4     -.961    1132.4     -.878    1532.4     -.803
    332.8      .681     732.8      .663    1132.8      .727    1532.8      .803
    333.2     -.468     733.2     -.661    1133.2     -.722    1533.2     -.634
    333.6      .165     733.6      .274    1133.6      .367    1533.6      .437
    334.0      .204     734.0      .046    1134.0     -.080    1534.0     -.077
    334.4     -.365     734.4     -.300    1134.4     -.234    1534.4     -.096
    334.8      .487     734.8      .482    1134.8      .334    1534.8      .323
    335.2     -.544     735.2     -.547    1135.2     -.546    1535.2     -.503
    335.5      .545     735.5      .570    1135.5      .548    1535.5      .546
    335.9     -.434     735.9     -.571    1135.9     -.634    1535.9     -.683
    336.3      .335     736.3      .378    1136.3      .456    1536.3      .552
    336.7      .077     736.7     -.148    1136.7     -.306    1536.7     -.374
    337.1     -.251     737.1     -.199    1137.1     -.100    1537.1      .017
    337.5      .737     737.5      .559    1137.5      .431    1537.5      .316
    337.9     -.633     737.9     -.673    1137.9     -.621    1537.9     -.523
    338.3      .882     738.3      .912    1138.3      .830    1538.3      .715
    338.7     -.743     738.7     -.820    1138.7     -.904    1538.7     -.846
    339.1      .807     739.1      .946    1139.1     1.005    1539.1      .962
    339.5     -.746     739.5     -.897    1139.5    -1.091    1539.5    -1.155
    339.8      .445     739.8      .710    1139.8      .822    1539.8      .872
    340.2     -.170     740.2     -.468    1140.2     -.665    1540.2     -.832
    340.6     -.274     740.6     -.157    1140.6      .023    1540.6      .105
    341.0      .505     741.0      .212    1141.0      .041    1541.0     -.089
    341.4     -.660     741.4     -.746    1141.4     -.600    1541.4     -.524
    341.8      .793     741.8      .639    1141.8      .516    1541.8      .351
    342.2     -.617     742.2     -.852    1142.2     -.799    1542.2     -.738
    342.6      .784     742.6      .804    1142.6      .789    1542.6      .687
    343.0     -.615     743.0     -.798    1143.0     -.887    1543.0     -.934
    343.4      .559     743.4      .766    1143.4      .805    1543.4      .803
    343.8     -.234     743.8     -.313    1143.8     -.445    1543.8     -.573
    344.1      .046     744.1      .179    1144.1      .286    1544.1      .340
    344.5      .072     744.5      .199    1144.5      .078    1544.5     -.027
    344.9     -.242     744.9     -.239    1144.9     -.192    1544.9     -.159
    345.3      .368     745.3      .453    1145.3      .357    1545.3      .366
    345.7     -.402     745.7     -.452    1145.7     -.518    1545.7     -.526
    346.1      .598     746.1      .581    1146.1      .568    1546.1      .604
    346.5     -.376     746.5     -.392    1146.5     -.641    1546.5     -.714
    346.9      .378     746.9      .396    1146.9      .458    1546.9      .494
    347.3      .219     747.3      .202    1147.3     -.039    1547.3     -.188
    347.7     -.235     747.7     -.150    1147.7     -.140    1547.7     -.097
    348.0      .585     748.0      .649    1148.0      .546    1548.0      .421
    348.4     -.554     748.4     -.402    1148.4     -.490    1548.4     -.519
    348.8      .785     748.8      .767    1148.8      .817    1548.8      .787
    349.2     -.904     749.2     -.794    1149.2     -.869    1549.2     -.922
    349.6      .983     749.6      .913    1149.6     1.021    1549.6     1.079
    350.0     -.889     750.0     -.925    1150.0    -1.064    1550.0    -1.111
    350.4      .606     750.4      .555    1150.4      .697    1550.4      .840
    350.8     -.181     750.8     -.415    1150.8     -.546    1550.8     -.658
    351.2     -.084     751.2     -.040    1151.2     .0031    1551.2      .106
    351.6      .401     751.6      .181    1151.6      .168    1551.6     -.092
    352.0     -.401     752.0     -.334    1152.0     -.292    1552.0     -.417
    352.3      .629     752.3      .525    1152.3      .513    1552.3      .354
    352.7     -.656     752.7     -.569    1152.7     -.449    1552.7     -.650
    353.1      .768     753.1      .833    1153.1      .801    1553.1      .764
    353.5     -.700     753.5     -.654    1153.5     -.531    1553.5     -.676
    353.9      .451     753.9      .596    1153.9      .597    1553.9      .742
    354.3     -.231     754.3     -.281    1154.3     -.284    1554.3     -.272
    354.7    -.0069     754.7      .166    1154.7      .148    1554.7      .348
    355.1      .186     755.1      .110    1155.1      .022    1555.1      .121
    355.5     -.349     755.5     -.249    1155.5     -.207    1555.5     -.177
    355.9      .585     755.9      .535    1155.9      .374    1555.9      .419
    356.3     -.659     756.3     -.592    1156.3     -.471    1556.3     -.602
    356.6      .782     756.6      .826    1156.6      .752    1556.6      .666
    357.0     -.488     757.0     -.453    1157.0     -.368    1557.0     -.558
    357.4      .263     757.4      .394    1157.4      .523    1557.4      .369
    357.8      .134     757.8      .112    1157.8      .055    1557.8    -.0054
    358.2     -.272     758.2     -.045    1158.2      .080    1558.2      .102
    358.6      .541     758.6      .410    1158.6      .332    1558.6      .366
    359.0     -.719     759.0     -.514    1159.0     -.440    1559.0     -.292
    359.4      .918     759.4      .811    1159.4      .707    1559.4      .743
    359.8    -1.197     759.8    -1.113    1159.8    -1.075    1559.8     -.861
    360.2     1.135     760.2     1.057    1160.2     1.069    1560.2      .992
    360.5    -1.034     760.5    -1.074    1160.5    -1.093    1560.5    -1.006
    360.9      .481     760.9      .553    1160.9      .724    1560.9      .618
    361.3     -.350     761.3     -.452    1161.3     -.477    1561.3     -.619
    361.7     -.180     761.7     -.010    1161.7      .266    1561.7      .226
    362.1      .132     762.1      .032    1162.1      .067    1562.1     -.107
    362.5     -.535     762.5     -.316    1162.5     -.089    1562.5     .0012
    362.9      .483     762.9      .463    1162.9      .474    1562.9      .340
    363.3     -.850     763.3     -.751    1163.3     -.578    1563.3     -.368
    363.7      .740     763.7      .771    1163.7      .737    1563.7      .734
    364.1     -.645     764.1     -.645    1164.1     -.617    1564.1     -.410
    364.5      .396     764.5      .482    1164.5      .432    1564.5      .571
    364.8     -.185     764.8     -.259    1164.8     -.367    1564.8     -.337
    365.2     .0060     765.2      .042    1165.2      .077    1565.2      .248
    365.6      .235     765.6      .149    1165.6      .070    1565.6      .036
    366.0     -.473     766.0     -.400    1166.0     -.358    1566.0     -.272
    366.4      .598     766.4      .659    1166.4      .617    1566.4      .572
    366.8     -.820     766.8     -.808    1166.8     -.742    1566.8     -.690
    367.2      .647     767.2      .759    1167.2      .862    1567.2      .813
    367.6     -.472     767.6     -.543    1167.6     -.563    1567.6     -.489
    368.0      .127     768.0      .313    1168.0      .467    1568.0      .557
    368.4      .089     768.4     -.057    1168.4     -.208    1568.4     -.192
    368.8     -.328     768.8     -.095    1168.8      .064    1568.8      .271
    369.1      .550     769.1      .306    1169.1      .197    1569.1      .144
    369.5     -.887     769.5     -.745    1169.5     -.663    1569.5     -.420
    369.9     1.056     769.9      .951    1169.9      .858    1569.9      .811
    370.3    -1.285     770.3    -1.270    1170.3    -1.273    1570.3    -1.089
    370.7      .982     770.7      .976    1170.7     1.056    1570.7      .910
    371.1     -.973     771.1    -1.095    1171.1    -1.116    1571.1    -1.048
    371.5      .411     771.5      .459    1171.5      .589    1571.5      .626
    371.9     -.387     771.9     -.598    1171.9     -.629    1571.9     -.648
    372.3     -.040     772.3      .067    1172.3      .254    1572.3      .373
    372.7      .095     772.7     -.149    1172.7     -.189    1572.7     -.265
    373.0     -.464     773.0     -.419    1173.0     -.274    1573.0     -.119
    373.4      .694     773.4      .474    1173.4      .448    1573.4      .475
    373.8     -.729     773.8     -.716    1173.8     -.642    1573.8     -.508
    374.2      .693     774.2      .728    1174.2      .654    1574.2      .639
    374.6     -.515     774.6     -.569    1174.6     -.542    1574.6     -.543
    375.0      .391     775.0      .499    1175.0      .455    1575.0      .472
    375.4     -.113     775.4     -.229    1175.4     -.303    1575.4     -.352
    375.8     -.036     775.8      .071    1175.8      .079    1575.8      .143
    376.2      .297     776.2      .260    1176.2      .155    1576.2      .037
    376.6     -.566     776.6     -.619    1176.6     -.590    1576.6     -.520
    377.0      .850     777.0      .803    1177.0      .772    1577.0      .767
    377.3     -.712     777.3     -.846    1177.3     -.962    1577.3     -.865
    377.7      .672     777.7      .719    1177.7      .757    1577.7      .834
    378.1     -.341     778.1     -.475    1178.1     -.660    1578.1     -.659
    378.5      .274     778.5      .369    1178.5      .467    1578.5      .603
    378.9     -.010     778.9     -.146    1178.9     -.329    1578.9     -.436
    379.3     -.204     779.3     -.068    1179.3      .026    1579.3      .228
    379.7      .493     779.7      .413    1179.7      .252    1579.7      .090
    380.1     -.902     780.1     -.788    1180.1     -.778    1580.1     -.643
    380.5     1.021     780.5     1.001    1180.5      .915    1580.5      .748
    380.9    -1.063     780.9    -1.215    1180.9    -1.278    1580.9    -1.215
    381.3      .878     781.3      .892    1181.3      .971    1581.3      .864
    381.6     -.615     781.6     -.933    1181.6    -1.077    1581.6    -1.039
    382.0      .520     782.0      .514    1182.0      .631    1582.0      .605
    382.4     -.187     782.4     -.488    1182.4     -.686    1582.4     -.771
    382.8      .239     782.8      .205    1182.8      .334    1582.8      .357
    383.2      .182     783.2      .059    1183.2     -.092    1583.2     -.226
    383.6     -.293     783.6     -.220    1183.6     -.221    1583.6     -.202
    384.0      .518     784.0      .628    1184.0      .516    1584.0      .412
    384.4     -.438     784.4     -.409    1184.4     -.466    1584.4     -.537
    384.8      .448     784.8      .654    1184.8      .647    1584.8      .633
    385.2     -.328     785.2     -.349    1185.2     -.466    1585.2     -.522
    385.5      .264     785.5      .378    1185.5      .465    1585.5      .454
    385.9     -.038     785.9     -.061    1185.9     -.294    1585.9     -.314
    386.3    -.0007     786.3     -.094    1186.3     -.020    1586.3    -.0077
    386.7      .543     786.7      .452    1186.7      .373    1586.7      .315
    387.1     -.499     787.1     -.592    1187.1     -.667    1587.1     -.715
    387.5      .859     787.5      .802    1187.5      .796    1587.5      .817
    387.9     -.541     787.9     -.542    1187.9     -.751    1587.9     -.850
    388.3      .705     788.3      .721    1188.3      .823    1588.3      .866
    388.7     -.481     788.7     -.436    1188.7     -.603    1588.7     -.765
    389.1      .412     789.1      .546    1189.1      .623    1589.1      .706
    389.5     -.224     789.5     -.246    1189.5     -.375    1589.5     -.482
    389.8     -.162     789.8     -.011    1189.8      .048    1589.8      .139
    390.2      .532     790.2      .368    1190.2      .398    1590.2      .255
    390.6     -.859     790.6     -.753    1190.6     -.796    1590.6     -.712
    391.0      .941     791.0      .720    1191.0      .788    1591.0      .802
    391.4     -.880     791.4     -.886    1191.4     -.938    1591.4    -1.019
    391.8      .861     791.8      .777    1191.8      .846    1591.8      .754
    392.2     -.626     792.2     -.687    1192.2     -.687    1592.2     -.988
    392.6      .665     792.6      .692    1192.6      .732    1592.6      .684
    393.0     -.420     793.0     -.446    1193.0     -.433    1593.0     -.712
    393.4      .150     793.4      .350    1193.4      .403    1593.4      .333
    393.8      .184     793.8      .184    1193.8      .203    1593.8      .047
    394.1     -.386     794.1     -.175    1194.1     -.107    1594.1     -.169
    394.5      .447     794.5      .466    1194.5      .402    1594.5      .518
    394.9     -.528     794.9     -.433    1194.9     -.370    1594.9     -.324
    395.3      .503     795.3      .591    1195.3      .468    1595.3      .624
    395.7     -.420     795.7     -.425    1195.7     -.426    1595.7     -.379
    396.1      .351     796.1      .406    1196.1      .381    1596.1      .466
    396.5     -.078     796.5     -.064    1196.5     -.176    1596.5     -.165
    396.9     -.225     796.9     -.126    1196.9     -.024    1596.9     -.082
    397.3      .650     797.3      .633    1197.3      .534    1597.3      .483
    397.7     -.767     797.7     -.571    1197.7     -.443    1597.7     -.567
    398.0      .865     798.0      .834    1198.0      .819    1598.0      .804
    398.4     -.836     798.4     -.670    1198.4     -.610    1598.4     -.608
    398.8      .811     798.8      .868    1198.8      .911    1598.8      .939
    399.2     -.798     799.2     -.776    1199.2     -.824    1599.2     -.693
    399.6      .521     799.6      .661    1199.6      .750    1599.6      .807
