                               Waveform Amplitudes                              
                               *******************                              
       Equipment:	Jockey Pump
       Meas. Point:  B-JP-01   -M2A  -->  Motor Inboard Axial
       Date/Time:  16-Oct-24 11:46:26   Amplitude:  Acceleration in G-s
   
 Time (mS) Amplitude Time (mS) Amplitude Time (mS) Amplitude Time (mS) Amplitude
 --------- --------- --------- --------- --------- --------- --------- ---------
       0.     -.430     200.0     -.329     400.0     -.214     600.0     -.515
     .391     -.241     200.4     -.165     400.4      .011     600.4     -.198
     .781      .366     200.8      .064     400.8      .509     600.8      .272
    1.172     1.568     201.2      .170     401.2      .984     601.2      .225
    1.563     1.437     201.6     -.330     401.6      .858     601.6     -.095
    1.953      .452     202.0     -.740     402.0      .201     602.0     -.162
    2.344      .188     202.3     -.883     402.3     -.192     602.3     -.332
    2.734      .380     202.7     -.852     402.7     -.334     602.7     -.582
    3.125      .203     203.1     -.615     403.1     -.418     603.1     -.726
    3.516     -.166     203.5     -.549     403.5     -.164     603.5     -.753
    3.906     -.057     203.9     -.242     403.9     -.190     603.9     -.549
    4.297      .115     204.3      .773     404.3     -.162     604.3      .095
    4.688     -.275     204.7     1.388     404.7      .095     604.7      .716
    5.078     -.538     205.1      .885     405.1     -.058     605.1     1.241
    5.469     -.234     205.5      .590     405.5     -.796     605.5     1.262
    5.859     -.124     205.9      .633     405.9    -1.224     605.9      .371
    6.250     -.185     206.3      .235     406.3     -.996     606.3     -.285
    6.641      .367     206.6     -.202     406.6     -.631     606.6     -.239
    7.031      .968     207.0     -.153     407.0     -.386     607.0     -.083
    7.422      .723     207.4      .046     407.4      .430     607.4     -.332
    7.813      .387     207.8      .065     407.8     1.009     607.8     -.382
    8.203      .023     208.2     -.247     408.2      .677     608.2      .182
    8.594     -.318     208.6     -.501     408.6      .525     608.6      .289
    8.984     -.371     209.0     -.076     409.0      .795     609.0     -.405
    9.375     -.341     209.4      .249     409.4      .708     609.4    -1.067
    9.766     -.187     209.8      .206     409.8     -.095     609.8    -1.083
    10.16      .191     210.2      .280     410.2     -.377     610.2     -.821
    10.55      .291     210.5      .565     410.5      .060     610.5     -.595
    10.94    -.0064     210.9      .545     410.9      .233     610.9     -.566
    11.33     -.237     211.3      .148     411.3      .045     611.3     -.339
    11.72     -.173     211.7     -.116     411.7     -.208     611.7      .134
    12.11     -.384     212.1     -.288     412.1     -.318     612.1     1.221
    12.50     -.769     212.5     -.367     412.5     -.044     612.5     1.699
    12.89     -.676     212.9     -.347     412.9      .174     612.9      .917
    13.28     -.462     213.3     -.186     413.3      .093     613.3      .359
    13.67      .318     213.7      .062     413.7      .136     613.7      .361
    14.06     1.293     214.1      .182     414.1      .554     614.1      .185
    14.45     1.226     214.5      .087     414.5      .634     614.5     -.067
    14.84      .536     214.8     -.177     414.8      .186     614.8     -.034
    15.23     -.035     215.2     -.371     415.2     -.068     615.2      .018
    15.63     -.202     215.6     -.403     415.6     -.072     615.6     -.334
    16.02     -.344     216.0     -.341     416.0     -.212     616.0     -.560
    16.41     -.398     216.4     -.467     416.4     -.492     616.4     -.290
    16.80     -.267     216.8     -.522     416.8     -.226     616.8     -.095
    17.19     -.019     217.2      .356     417.2      .124     617.2     -.111
    17.58      .142     217.6     1.047     417.6      .122     617.6      .335
    17.97      .115     218.0      .852     418.0     -.058     618.0      .845
    18.36     -.378     218.4      .437     418.4     -.272     618.4      .784
    18.75     -.858     218.8      .195     418.8     -.240     618.8      .324
    19.14     -.871     219.1     -.064     419.1     -.233     619.1     -.263
    19.53     -.808     219.5     -.298     419.5     -.126     619.5     -.393
    19.92     -.698     219.9     -.405     419.9     -.151     619.9     -.255
    20.31     -.359     220.3     -.372     420.3     -.403     620.3     -.191
    20.70     -.079     220.7     -.026     420.7     -.263     620.7     -.098
    21.09      .340     221.1      .210     421.1      .657     621.1      .173
    21.48     1.247     221.5      .137     421.5     1.134     621.5      .290
    21.88     1.119     221.9     -.367     421.9      .546     621.9      .072
    22.27      .672     222.3     -.811     422.3      .118     622.3     -.220
    22.66      .628     222.7     -.932     422.7      .020     622.7     -.319
    23.05      .467     223.0     -.976     423.0     -.184     623.0     -.481
    23.44      .018     223.4     -.638     423.4     -.384     623.4     -.575
    23.83     -.284     223.8     -.308     423.8     -.374     623.8     -.551
    24.22     -.134     224.2      .070     424.2     -.131     624.2     -.467
    24.61      .139     224.6      .868     424.6      .068     624.6      .170
    25.00     -.102     225.0      .926     425.0      .042     625.0     1.044
    25.39     -.648     225.4      .475     425.4     -.362     625.4     1.129
    25.78     -.434     225.8      .556     425.8     -.982     625.8      .594
    26.17     -.027     226.2      .941     426.2    -1.088     626.2      .015
    26.56     -.182     226.6      .474     426.6     -.898     626.6     -.262
    26.95      .048     227.0     -.203     427.0     -.741     627.0     -.266
    27.34      .766     227.3     -.173     427.3     -.166     627.3     -.290
    27.73      .964     227.7      .049     427.7      .852     627.7     -.294
    28.13      .610     228.1     -.023     428.1      .933     628.1     -.155
    28.52      .261     228.5     -.279     428.5      .416     628.5      .038
    28.91     -.160     228.9     -.508     428.9      .278     628.9      .110
    29.30     -.590     229.3     -.070     429.3      .486     629.3     -.380
    29.69     -.555     229.7      .327     429.7      .602     629.7     -.920
    30.08     -.127     230.1      .200     430.1      .251     630.1     -.892
    30.47      .206     230.5      .128     430.5     -.045     630.5     -.728
    30.86      .186     230.9      .395     430.9      .061     630.9     -.495
    31.25     -.072     231.3      .653     431.3      .107     631.3     -.333
    31.64     -.117     231.6      .322     431.6     -.084     631.6     -.093
    32.03     -.107     232.0     -.084     432.0     -.147     632.0      .763
    32.42     -.524     232.4     -.269     432.4     -.334     632.4     1.334
    32.81     -.735     232.8     -.352     432.8     -.138     632.8      .770
    33.20     -.666     233.2     -.371     433.2      .315     633.2      .378
    33.59     -.441     233.6     -.228     433.6      .034     633.6      .545
    33.98      .432     234.0     -.057     434.0      .057     634.0      .505
    34.38     1.061     234.4      .025     434.4      .544     634.4      .049
    34.77     1.023     234.8      .205     434.8      .633     634.8     -.271
    35.16      .514     235.2      .049     435.2      .271     635.2     -.070
    35.55      .191     235.5     -.354     435.5      .079     635.5      .071
    35.94      .024     235.9     -.508     435.9      .119     635.9     -.283
    36.33     -.325     236.3     -.270     436.3     -.253     636.3     -.570
    36.72     -.363     236.7     -.355     436.7     -.691     636.7     -.177
    37.11     -.387     237.1     -.491     437.1     -.478     637.1     .0079
    37.50     -.241     237.5      .105     437.5      .021     637.5      .153
    37.89      .251     237.9      .827     437.9      .105     637.9      .519
    38.28      .229     238.3      .909     438.3      .108     638.3      .667
    38.67     -.405     238.7      .335     438.7      .036     638.7      .638
    39.06     -.891     239.1      .111     439.1     -.134     639.1      .333
    39.45     -.879     239.5      .165     439.5     -.253     639.5     -.046
    39.84     -.853     239.8     -.174     439.8     -.186     639.8     -.403
    40.23     -.650     240.2     -.329     440.2     -.320     640.2     -.467
    40.63     -.361     240.6     -.307     440.6     -.654     640.6     -.270
    41.02     -.152     241.0     -.268     441.0     -.151     641.0     -.081
    41.41      .505     241.4      .041     441.4      .661     641.4      .105
    41.80     1.378     241.8      .195     441.8     1.022     641.8      .113
    42.19     1.188     242.2     -.206     442.2      .767     642.2     .0076
    42.58      .683     242.6     -.767     442.6      .153     642.6     -.149
    42.97      .405     243.0     -.943     443.0     -.217     643.0     -.324
    43.36      .270     243.4     -.825     443.4     -.126     643.4     -.408
    43.75     -.093     243.8     -.657     443.8     -.037     643.8     -.413
    44.14     -.325     244.1     -.350     444.1     -.310     644.1     -.706
    44.53      .022     244.5    -.0065     444.5     -.510     644.5     -.592
    44.92      .254     244.9      .619     444.9     -.238     644.9      .494
    45.31     -.278     245.3      .920     445.3      .119     645.3     1.122
    45.70     -.636     245.7      .787     445.7     -.147     645.7      .840
    46.09     -.245     246.1      .751     446.1     -.758     646.1      .424
    46.48      .146     246.5      .731     446.5    -1.191     646.5      .084
    46.88      .297     246.9      .318     446.9    -1.151     646.9     -.182
    47.27      .438     247.3     -.158     447.3     -.619     647.3     -.177
    47.66      .611     247.7     -.147     447.7      .306     647.7     -.286
    48.05      .461     248.0     -.022     448.0      .856     648.0     -.395
    48.44      .275     248.4     -.064     448.4      .531     648.4     -.190
    48.83     -.050     248.8     -.126     448.8      .189     648.8      .115
    49.22     -.424     249.2     -.322     449.2      .372     649.2      .138
    49.61     -.467     249.6     -.304     449.6      .668     649.6     -.372
    50.00     -.385     250.0      .163     450.0      .751     650.0     -.847
    50.39     -.083     250.4      .290     450.4      .298     650.4     -.896
    50.78      .226     250.8      .305     450.8     -.204     650.8     -.808
    51.17      .242     251.2      .584     451.2     -.100     651.2     -.576
    51.56      .031     251.6      .530     451.6      .105     651.6     -.234
    51.95     -.062     252.0      .309     452.0      .061     652.0     -.118
    52.34     -.262     252.3      .079     452.3     -.159     652.3      .479
    52.73     -.500     252.7     -.300     452.7     -.257     652.7     1.189
    53.13     -.619     253.1     -.540     453.1     -.030     653.1      .993
    53.52     -.356     253.5     -.336     453.5      .092     653.5      .765
    53.91     -.362     253.9     -.104     453.9     -.019     653.9      .640
    54.30     -.037     254.3     -.044     454.3      .077     654.3      .320
    54.69      .903     254.7      .149     454.7      .492     654.7     -.221
    55.08     1.119     255.1      .154     455.1      .695     655.1     -.231
    55.47      .598     255.5     -.149     455.5      .421     655.5      .083
    55.86      .066     255.9     -.336     455.9      .228     655.9      .031
    56.25     -.111     256.3     -.528     456.3     -.038     656.3     -.372
    56.64     -.279     256.6     -.566     456.6     -.336     656.6     -.469
    57.03     -.394     257.0     -.293     457.0     -.451     657.0     -.106
    57.42     -.274     257.4     -.155     457.4     -.367     657.4      .099
    57.81     -.160     257.8      .077     457.8     -.125     657.8      .243
    58.20     .0053     258.2      .584     458.2      .118     658.2      .520
    58.59      .075     258.6      .901     458.6      .148     658.6      .582
    58.98     -.220     259.0      .776     459.0     -.153     659.0      .345
    59.38     -.721     259.4      .273     459.4     -.327     659.4      .340
    59.77     -.970     259.8     -.079     459.8     -.409     659.8      .155
    60.16     -.921     260.2     -.324     460.2     -.315     660.2     -.366
    60.55     -.727     260.5     -.445     460.5     -.125     660.5     -.685
    60.94     -.318     260.9     -.288     460.9     -.202     660.9     -.349
    61.33      .455     261.3     -.116     461.3     -.300     661.3      .093
    61.72     1.061     261.7      .071     461.7      .259     661.7      .193
    62.11      .830     262.1      .095     462.1     1.041     662.1      .070
    62.50      .418     262.5     -.197     462.5      .953     662.5     -.017
    62.89      .590     262.9     -.558     462.9      .323     662.9     -.015
    63.28      .614     263.3     -.872     463.3     .0082     663.3     -.289
    63.67      .236     263.7    -1.058     463.7     -.185     663.7     -.608
    64.06      .027     264.1     -.883     464.1     -.506     664.1     -.554
    64.45     -.055     264.5     -.356     464.5     -.356     664.5     -.519
    64.84     -.099     264.8     -.115     464.8     -.025     664.8     -.290
    65.23     -.072     265.2      .378     465.2     -.073     665.2      .328
    65.63     -.161     265.6     1.090     465.6     -.087     665.6      .780
    66.02     -.300     266.0      .886     466.0     -.106     666.0      .810
    66.41     -.229     266.4      .472     466.4     -.575     666.4      .663
    66.80      .197     266.8      .570     466.8    -1.082     666.8      .355
    67.19      .392     267.2      .558     467.2    -1.080     667.2     -.185
    67.58      .302     267.6      .141     467.6     -.799     667.6     -.476
    67.97      .427     268.0     -.098     468.0     -.454     668.0     -.419
    68.36      .465     268.4     -.095     468.4      .442     668.4     -.344
    68.75      .223     268.8      .021     468.8      .981     668.8     -.068
    69.14     -.015     269.1     -.071     469.1      .645     669.1      .252
    69.53     -.171     269.5     -.384     469.5      .394     669.5      .128
    69.92     -.384     269.9     -.199     469.9      .435     669.9     -.491
    70.31     -.354     270.3      .316     470.3      .452     670.3     -.936
    70.70     -.040     270.7      .287     470.7      .242     670.7     -.837
    71.09      .049     271.1      .113     471.1      .146     671.1     -.721
    71.48      .071     271.5      .356     471.5      .358     671.5     -.657
    71.88      .114     271.9      .521     471.9      .179     671.9     -.388
    72.27     -.193     272.3      .275     472.3     -.077     672.3     -.036
    72.66     -.396     272.7     -.105     472.7     -.087     672.7      .807
    73.05     -.298     273.0     -.126     473.0     -.131     673.0     1.202
    73.44     -.248     273.4     -.173     473.4     -.293     673.4      .744
    73.83     -.633     273.8     -.367     473.8     -.080     673.8      .406
    74.22     -.680     274.2     -.337     474.2      .209     674.2      .548
    74.61      .244     274.6    -.0066     474.6      .110     674.6      .329
    75.00     1.020     275.0      .232     475.0      .232     675.0     -.036
    75.39     1.075     275.4      .055     475.4      .495     675.4     -.031
    75.78      .547     275.8     -.138     475.8      .396     675.8      .103
    76.17      .085     276.2     -.195     476.2      .090     676.2      .016
    76.56     -.150     276.6     -.378     476.6      .043     676.6     -.297
    76.95     -.260     277.0     -.423     477.0     -.061     677.0     -.508
    77.34     -.278     277.3     .0013     477.3     -.372     677.3     -.141
    77.73     -.300     277.7     -.338     477.7     -.272     677.7      .293
    78.13     -.172     278.1     -.353     478.1     -.020     678.1      .181
    78.52      .047     278.5      .636     478.5      .124     678.5      .271
    78.91      .043     278.9     1.200     478.9      .113     678.9      .570
    79.30     -.348     279.3      .552     479.3     -.036     679.3      .488
    79.69     -.736     279.7     -.106     479.7     -.258     679.7      .110
    80.08     -.742     280.1      .059     480.1     -.185     680.1     -.034
    80.47     -.816     280.5     -.027     480.5     -.162     680.5      .055
    80.86     -.745     280.9     -.300     480.9     -.353     680.9     -.262
    81.25     -.372     281.3     -.415     481.3     -.381     681.3     -.569
    81.64     -.154     281.6     -.307     481.6     -.516     681.6     -.169
    82.03      .107     282.0     -.038     482.0      .140     682.0      .218
    82.42      .877     282.4      .140     482.4     1.050     682.4      .115
    82.81     1.138     282.8     -.201     482.8      .940     682.8     -.118
    83.20      .784     283.2     -.737     483.2      .249     683.2     -.161
    83.59      .750     283.6     -.943     483.6     .0069     683.6     -.227
    83.98      .697     284.0     -.824     484.0      .036     684.0     -.287
    84.38      .231     284.4     -.668     484.4     -.360     684.4     -.409
    84.77     -.361     284.8     -.390     484.8     -.387     684.8     -.583
    85.16     -.416     285.2     -.236     485.2     -.121     685.2     -.542
    85.55      .098     285.5      .496     485.5     -.313     685.5      .135
    85.94      .031     285.9     1.003     485.9     -.154     685.9      .832
    86.33     -.499     286.3      .671     486.3     -.022     686.3      .794
    86.72     -.504     286.7      .531     486.7     -.487     686.7      .585
    87.11     -.247     287.1      .762     487.1     -.936     687.1      .332
    87.50     .0034     287.5      .795     487.5     -.806     687.5     .0054
    87.89      .549     287.9      .137     487.9     -.700     687.9     -.270
    88.28      .822     288.3     -.345     488.3     -.603     688.3     -.431
    88.67      .617     288.7     -.431     488.7     -.241     688.7     -.387
    89.06      .541     289.1     -.188     489.1      .553     689.1     -.157
    89.45      .322     289.5      .118     489.5     1.067     689.5      .114
    89.84     -.361     289.8     -.174     489.8      .585     689.8      .100
    90.23     -.686     290.2     -.450     490.2      .477     690.2     -.371
    90.63     -.340     290.6      .081     490.6      .797     690.6     -.671
    91.02    -.0093     291.0      .520     491.0      .740     691.0     -.717
    91.41      .047     291.4      .361     491.4      .168     691.4     -.835
    91.80      .078     291.8      .347     491.8     -.088     691.8     -.634
    92.19      .143     292.2      .604     492.2     -.208     692.2     -.326
    92.58      .060     292.6      .622     492.6     -.227     692.6     -.147
    92.97     -.229     293.0      .144     493.0     -.039     693.0      .492
    93.36     -.549     293.4     -.234     493.4     -.134     693.4      .942
    93.75     -.540     293.8     -.447     493.8     -.370     693.8      .690
    94.14     -.440     294.1     -.507     494.1     -.118     694.1      .673
    94.53     -.466     294.5     -.318     494.5      .342     694.5      .836
    94.92     -.065     294.9     -.082     494.9      .364     694.9      .605
    95.31      .633     295.3      .063     495.3      .326     695.3      .014
    95.70     1.003     295.7      .107     495.7      .480     695.7     -.282
    96.09      .881     296.1     -.056     496.1      .628     696.1     -.170
    96.48      .452     296.5     -.263     496.5      .382     696.5      .023
    96.88      .080     296.9     -.485     496.9     -.100     696.9     -.175
    97.27     -.273     297.3     -.560     497.3     -.353     697.3     -.561
    97.66     -.431     297.7     -.158     497.7     -.474     697.7     -.266
    98.05     -.401     298.0     -.034     498.0     -.373     698.0      .201
    98.44     -.187     298.4      .109     498.4    -.0080     698.4      .234
    98.83      .065     298.8      .587     498.8      .123     698.8      .270
    99.22      .072     299.2      .772     499.2      .077     699.2      .549
    99.61     -.167     299.6      .600     499.6     -.016     699.6      .665
    100.0     -.698     300.0      .246     500.0     -.119     700.0      .427
    100.4     -.831     300.4     -.055     500.4     -.374     700.4      .141
    100.8     -.798     300.8     -.126     500.8     -.508     700.8     -.245
    101.2     -.634     301.2     -.263     501.2     -.437     701.2     -.474
    101.6     -.429     301.6     -.419     501.6     -.270     701.6     -.372
    102.0     -.283     302.0     -.354     502.0     -.099     702.0     -.200
    102.3     -.308     302.3      .020     502.3      .389     702.3    -.0090
    102.7      .264     302.7      .217     502.7      .814     702.7      .125
    103.1     1.500     303.1     -.192     503.1      .784     703.1      .069
    103.5     1.440     303.5     -.677     503.5      .525     703.5     -.090
    103.9      .591     303.9     -.898     503.9      .162     703.9     -.266
    104.3      .341     304.3     -.973     504.3     -.163     704.3     -.428
    104.7      .316     304.7     -.747     504.7     -.406     704.7     -.470
    105.1     -.082     305.1     -.424     505.1     -.535     705.1     -.543
    105.5     -.119     305.5     -.018     505.5     -.314     705.5     -.517
    105.9    -.0006     305.9      .676     505.9     -.030     705.9     .0066
    106.3     -.204     306.3      .795     506.3      .127     706.3      .573
    106.6     -.675     306.6      .529     506.6      .068     706.6      .886
    107.0     -.424     307.0      .574     507.0     -.516     707.0      .888
    107.4     .0088     307.4      .722     507.4     -.995     707.4      .485
    107.8     -.168     307.8      .219     507.8     -.922     707.8     .0041
    108.2     -.052     308.2     -.050     508.2     -.763     708.2     -.404
    108.6      .736     308.6      .077     508.6     -.536     708.6     -.476
    109.0     1.044     309.0      .028     509.0     -.318     709.0     -.184
    109.4      .585     309.4    -.0048     509.4     -.113     709.4     -.162
    109.8      .130     309.8      .031     509.8      .761     709.8     -.052
    110.2     -.129     310.2     -.280     510.2     1.297     710.2      .124
    110.5     -.264     310.5     -.416     510.5      .958     710.5      .016
    110.9     -.396     310.9      .093     510.9      .706     710.9     -.566
    111.3     -.242     311.3      .388     511.3      .450     711.3     -.940
    111.7      .015     311.7      .323     511.7      .031     711.7     -.904
    112.1      .137     312.1      .231     512.1     -.139     712.1     -.658
    112.5      .061     312.5      .365     512.5      .056     712.5     -.430
    112.9     -.142     312.9      .530     512.9      .072     712.9     -.292
    113.3     -.227     313.3      .410     513.3     -.014     713.3      .219
    113.7     -.401     313.7     -.299     513.7     -.358     713.7      .969
    114.1     -.563     314.1     -.567     514.1     -.553     714.1     1.044
    114.5     -.559     314.5     -.184     514.5     -.131     714.5      .921
    114.8     -.482     314.8     -.030     514.8      .169     714.8      .665
    115.2     -.207     315.2     -.125     515.2      .164     715.2      .193
    115.6      .746     315.6      .042     515.6      .360     715.6     -.109
    116.0     1.343     316.0      .097     516.0      .638     716.0     -.079
    116.4     1.009     316.4     -.183     516.4      .590     716.4      .130
    116.8      .308     316.8     -.319     516.8      .399     716.8      .156
    117.2     -.257     317.2     -.379     517.2      .128     717.2     -.173
    117.6     -.303     317.6     -.442     517.6     -.340     717.6     -.445
    118.0     -.228     318.0     -.126     518.0     -.500     718.0     -.257
    118.4     -.288     318.4    -.0049     518.4     -.137     718.4      .048
    118.8     -.275     318.8     -.087     518.8      .067     718.8      .189
    119.1     -.049     319.1      .140     519.1      .020     719.1      .229
    119.5      .107     319.5      .806     519.5      .025     719.5      .364
    119.9     -.096     319.9      .965     519.9     -.012     719.9      .505
    120.3     -.591     320.3      .331     520.3     -.098     720.3      .452
    120.7     -.966     320.7     -.123     520.7     -.288     720.7      .065
    121.1     -.914     321.1     -.219     521.1     -.494     721.1     -.306
    121.5     -.547     321.5     -.333     521.5     -.571     721.5     -.361
    121.9     -.379     321.9     -.343     521.9     -.437     721.9     -.293
    122.3     -.303     322.3     -.169     522.3     -.330     722.3     -.124
    122.7      .155     322.7    -.0053     522.7      .260     722.7      .102
    123.0      .923     323.0      .122     523.0      .879     723.0      .136
    123.4      .949     323.4     -.144     523.4      .949     723.4      .147
    123.8      .681     323.8     -.681     523.8      .667     723.8      .064
    124.2      .663     324.2     -.927     524.2      .240     724.2     -.297
    124.6      .576     324.6     -.835     524.6     -.141     724.6     -.478
    125.0      .279     325.0     -.647     525.0     -.393     725.0     -.417
    125.4     -.128     325.4     -.469     525.4     -.479     725.4     -.396
    125.8     -.255     325.8     -.080     525.8     -.379     725.8     -.392
    126.2     -.170     326.2      .659     526.2     .0062     726.2     -.331
    126.6     -.078     326.6      .954     526.6      .119     726.6      .233
    127.0     -.341     327.0      .556     527.0     -.033     727.0     1.035
    127.3     -.466     327.3      .184     527.3     -.392     727.3     1.020
    127.7     -.070     327.7      .491     527.7     -.758     727.7      .363
    128.1      .387     328.1      .539     528.1     -.857     728.1     -.027
    128.5      .303     328.5      .201     528.5     -.740     728.5     -.134
    128.9      .266     328.9      .084     528.9     -.526     728.9     -.461
    129.3      .564     329.3      .140     529.3     -.364     729.3     -.431
    129.7      .498     329.7     -.130     529.7     -.333     729.7     -.173
    130.1      .198     330.1     -.257     530.1      .162     730.1     -.026
    130.5     -.093     330.5     -.099     530.5     1.188     730.5      .113
    130.9     -.317     330.9      .022     530.9     1.115     730.9     -.012
    131.3     -.444     331.3      .061     531.3      .569     731.3     -.590
    131.6     -.269     331.6     -.040     531.6      .632     731.6     -.836
    132.0      .029     332.0     -.074     532.0      .610     732.0     -.690
    132.4      .116     332.4      .271     532.4      .166     732.4     -.700
    132.8      .130     332.8      .601     532.8     -.075     732.8     -.547
    133.2     -.043     333.2      .481     533.2     -.117     733.2     -.317
    133.6     -.277     333.6      .199     533.6     -.085     733.6      .094
    134.0     -.340     334.0    -.0080     534.0     -.181     734.0     1.006
    134.4     -.318     334.4     -.265     534.4     -.415     734.4     1.061
    134.8     -.502     334.8     -.552     534.8     -.323     734.8      .638
    135.2     -.731     335.2     -.469     535.2     -.144     735.2      .613
    135.5     -.208     335.5     -.109     535.5     -.122     735.5      .531
    135.9      .714     335.9      .213     535.9      .168     735.9      .117
    136.3     1.015     336.3      .116     536.3      .728     736.3     -.047
    136.7      .710     336.7      .013     536.7      .784     736.7     -.086
    137.1      .392     337.1      .094     537.1      .582     737.1     -.140
    137.5      .131     337.5     -.214     537.5      .266     737.5     -.111
    137.9     -.159     337.9     -.489     537.9     -.193     737.9     -.226
    138.3     -.292     338.3     -.345     538.3     -.457     738.3     -.276
    138.7     -.379     338.7     -.410     538.7     -.427     738.7     .0065
    139.1     -.405     339.1     -.417     539.1     -.233     739.1      .229
    139.5     -.124     339.5      .453     539.5     .0068     739.5      .336
    139.8      .176     339.8     1.088     539.8      .088     739.8      .556
    140.2     -.037     340.2      .711     540.2      .037     740.2      .441
    140.6     -.605     340.6      .180     540.6      .066     740.6      .306
    141.0     -.834     341.0      .116     541.0     -.183     741.0      .204
    141.4     -.859     341.4      .020     541.4     -.356     741.4    -.0032
    141.8     -.737     341.8     -.201     541.8     -.532     741.8     -.447
    142.2     -.398     342.2     -.433     542.2     -.684     742.2     -.570
    142.6     -.147     342.6     -.701     542.6     -.628     742.6     -.194
    143.0      .435     343.0     -.252     543.0      .103     743.0      .056
    143.4      .821     343.4      .336     543.4      .951     743.4      .055
    143.8      .841     343.8      .116     543.8     1.076     743.8      .059
    144.1      .752     344.1     -.612     544.1      .762     744.1      .076
    144.5      .739     344.5     -.925     544.5      .259     744.5     -.168
    144.9      .551     344.9     -.819     544.9     -.069     744.9     -.331
    145.3     -.056     345.3     -.738     545.3     -.192     745.3     -.311
    145.7     -.474     345.7     -.496     545.7     -.304     745.7     -.567
    146.1     -.089     346.1      .030     546.1     -.394     746.1     -.789
    146.5      .281     346.5      .778     546.5     -.373     746.5     -.202
    146.9     -.133     346.9      .835     546.9    -.0096     746.9      .806
    147.3     -.570     347.3      .449     547.3      .307     747.3     1.100
    147.7     -.203     347.7      .509     547.7     -.086     747.7      .689
    148.0      .230     348.0      .820     548.0     -.740     748.0      .235
    148.4      .252     348.4      .650     548.4     -.987     748.4      .114
    148.8      .066     348.8     -.170     548.8     -.844     748.8     -.110
    149.2      .399     349.2     -.439     549.2     -.675     749.2     -.462
    149.6      .677     349.6     -.059     549.6     -.329     749.6     -.415
    150.0      .525     350.0      .140     550.0     -.269     750.0     -.227
    150.4      .073     350.4      .163     550.4     -.285     750.4     -.082
    150.8     -.274     350.8     -.163     550.8      .831     750.8      .114
    151.2     -.252     351.2     -.292     551.2     1.674     751.2      .030
    151.6     -.369     351.6      .048     551.6     1.139     751.6     -.506
    152.0     -.320     352.0      .141     552.0      .623     752.0     -.861
    152.3     -.080     352.3      .027     552.3      .444     752.3     -.778
    152.7      .134     352.7      .265     552.7      .100     752.7     -.824
    153.1      .115     353.1      .593     553.1     -.329     753.1     -.631
    153.5     -.042     353.5      .598     553.5     -.296     753.5     -.257
    153.9     -.153     353.9      .380     553.9      .145     753.9     -.059
    154.3     -.408     354.3      .028     554.3     -.013     754.3      .810
    154.7     -.510     354.7     -.388     554.7     -.583     754.7     1.211
    155.1     -.378     355.1     -.578     555.1     -.424     755.1      .834
    155.5     -.361     355.5     -.377     555.5     -.094     755.5      .786
    155.9     -.377     355.9     -.232     555.9     -.145     755.9      .679
    156.3      .216     356.3     -.095     556.3     -.173     756.3      .182
    156.6     1.030     356.6      .098     556.6      .627     756.6     -.318
    157.0     1.076     357.0      .160     557.0     1.249     757.0     -.443
    157.4      .450     357.4     -.061     557.4      .844     757.4      .106
    157.8     -.022     357.8     -.375     557.8      .188     757.8      .190
    158.2     -.182     358.2     -.535     558.2     -.232     758.2     -.382
    158.6     -.353     358.6     -.262     558.6     -.341     758.6     -.529
    159.0     -.383     359.0     -.188     559.0     -.529     759.0      .081
    159.4     -.278     359.4     -.402     559.4     -.412     759.4      .440
    159.8     -.163     359.8     .0049     559.8    -.0017     759.8      .169
    160.2      .132     360.2      .957     560.2      .172     760.2      .260
    160.5      .110     360.5     1.125     560.5      .015     760.5      .614
    160.9     -.353     360.9      .438     560.9     -.209     760.9      .616
    161.3     -.814     361.3     -.012     561.3     -.222     761.3      .236
    161.7     -.932     361.7     -.138     561.7     -.197     761.7     -.112
    162.1     -.749     362.1     -.322     562.1     -.470     762.1     -.329
    162.5     -.664     362.5     -.364     562.5     -.699     762.5     -.501
    162.9     -.324     362.9     -.325     562.9     -.421     762.9     -.492
    163.3      .525     363.3     -.262     563.3      .055     763.3     -.045
    163.7     1.028     363.7      .113     563.7      .492     763.7      .295
    164.1      .705     364.1      .230     564.1      .983     764.1      .106
    164.5      .386     364.5     -.374     564.5     1.098     764.5     -.061
    164.8      .619     364.8     -.879     564.8      .519     764.8     -.054
    165.2      .526     365.2    -1.004     565.2     -.010     765.2     -.315
    165.6      .143     365.6     -.867     565.6     -.416     765.6     -.524
    166.0      .038     366.0     -.688     566.0     -.552     766.0     -.413
    166.4    -.0020     366.4     -.245     566.4     -.279     766.4     -.465
    166.8     -.107     366.8      .765     566.8      .076     766.8     -.231
    167.2    -.0080     367.2     1.020     567.2      .085     767.2      .502
    167.6     -.032     367.6      .601     567.6     .0023     767.6      .841
    168.0     -.164     368.0      .311     568.0     -.066     768.0      .695
    168.4      .045     368.4      .520     568.4     -.581     768.4      .608
    168.8      .153     368.8      .635     568.8     -.929     768.8      .350
    169.1      .067     369.1      .181     569.1     -.810     769.1     -.334
    169.5      .240     369.5     -.113     569.5     -.798     769.5     -.605
    169.9      .470     369.9      .101     569.9     -.747     769.9     -.444
    170.3      .266     370.3      .150     570.3     -.327     770.3     -.304
    170.7      .056     370.7     -.097     570.7      .030     770.7      .033
    171.1      .014     371.1     -.087     571.1      .983     771.1      .218
    171.5     -.129     371.5     -.075     571.5     1.520     771.5     -.029
    171.9     -.405     371.9     -.147     571.9      .758     771.9     -.530
    172.3     -.318     372.3     -.074     572.3      .253     772.3     -.748
    172.7     -.086     372.7      .160     572.7      .504     772.7     -.828
    173.0      .077     373.0      .335     573.0      .507     773.0     -.921
    173.4      .155     373.4      .319     573.4     -.115     773.4     -.666
    173.8     -.092     373.8      .318     573.8     -.261     773.8     -.369
    174.2     -.192     374.2      .298     574.2      .091     774.2      .374
    174.6     -.233     374.6      .126     574.6      .024     774.6     1.081
    175.0     -.357     375.0     -.071     575.0     -.389     775.0      .913
    175.4     -.278     375.4     -.363     575.4     -.357     775.4      .537
    175.8     -.327     375.8     -.419     575.8     -.111     775.8      .488
    176.2     -.596     376.2     -.176     576.2     -.053     776.2      .484
    176.6      .023     376.6     -.034     576.6      .163     776.6      .082
    177.0     1.116     377.0     .0037     577.0      .516     777.0     -.052
    177.3     1.089     377.3      .077     577.3      .689     777.3      .091
    177.7      .278     377.7      .058     577.7      .527     777.7      .114
    178.1     -.026     378.1     -.203     578.1      .062     778.1     .0038
    178.5     -.088     378.5     -.197     578.5     -.282     778.5     -.298
    178.9     -.369     378.9     -.117     578.9     -.310     778.9     -.367
    179.3     -.326     379.3     -.462     579.3     -.195     779.3      .064
    179.7     -.152     379.7     -.735     579.7     -.200     779.7      .137
    180.1     -.140     380.1     -.133     580.1     -.172     780.1      .057
    180.5    -.0024     380.5      .943     580.5      .023     780.5      .394
    180.9      .054     380.9     1.127     580.9      .225     780.9      .459
    181.3     -.459     381.3      .498     581.3      .161     781.3      .356
    181.6     -.754     381.6     -.059     581.6     -.146     781.6      .310
    182.0     -.685     382.0     -.037     582.0     -.451     782.0      .034
    182.4     -.866     382.4     -.096     582.4     -.453     782.4     -.472
    182.8     -.706     382.8     -.360     582.8     -.296     782.8     -.418
    183.2     -.439     383.2     -.376     583.2     -.538     783.2     -.072
    183.6      .337     383.6     -.224     583.6     -.440     783.6     -.037
    184.0     1.140     384.0     -.112     584.0      .449     784.0     -.038
    184.4      .862     384.4     -.097     584.4     1.184     784.4      .130
    184.8      .505     384.8     -.278     584.8      .991     784.8      .234
    185.2      .495     385.2     -.717     585.2      .408     785.2     -.053
    185.5      .769     385.5     -.951     585.5    -.0031     785.5     -.581
    185.9      .495     385.9     -.860     585.9     -.326     785.9     -.535
    186.3     -.263     386.3     -.713     586.3     -.478     786.3     -.272
    186.7     -.450     386.7     -.258     586.7     -.237     786.7     -.503
    187.1     -.141     387.1      .713     587.1     -.049     787.1     -.523
    187.5      .125     387.5     1.014     587.5     -.118     787.5      .371
    187.9     -.067     387.9      .509     587.9     -.088     787.9     1.148
    188.3     -.317     388.3      .212     588.3     -.102     788.3     1.010
    188.7     -.113     388.7      .718     588.7     -.329     788.7      .513
    189.1      .141     389.1      .992     589.1     -.704     789.1      .042
    189.5      .187     389.5      .256     589.5     -.994     789.5     -.228
    189.8      .376     389.8     -.410     589.8     -.911     789.8     -.357
    190.2      .609     390.2     -.181     590.2     -.424     790.2     -.523
    190.6      .576     390.6     -.058     590.6     -.175     790.6     -.258
    191.0      .276     391.0     -.082     591.0     -.142     791.0      .055
    191.4     -.035     391.4     -.047     591.4      .508     791.4      .036
    191.8     -.343     391.8     -.214     591.8     1.305     791.8      .022
    192.2     -.474     392.2     -.079     592.2     1.004     792.2     -.252
    192.6     -.435     392.6      .209     592.6      .668     792.6     -.711
    193.0     -.196     393.0      .186     593.0      .725     793.0     -.945
    193.4      .079     393.4      .072     593.4      .329     793.4     -.825
    193.8      .215     393.8      .527     593.8     -.182     793.8     -.463
    194.1      .072     394.1      .770     594.1     -.330     794.1     -.275
    194.5     -.144     394.5      .388     594.5      .032     794.5     -.123
    194.9     -.350     394.9     -.049     594.9      .062     794.9      .414
    195.3     -.485     395.3     -.223     595.3     -.437     795.3     1.050
    195.7     -.331     395.7     -.330     595.7     -.421     795.7      .991
    196.1     -.375     396.1     -.462     596.1     -.109     796.1      .892
    196.5     -.422     396.5     -.330     596.5     -.179     796.5      .626
    196.9      .112     396.9     -.025     596.9     -.369     796.9      .185
    197.3      .906     397.3      .193     597.3      .121     797.3     -.108
    197.7      .982     397.7      .151     597.7     1.068     797.7     -.106
    198.0      .509     398.0    -.0034     598.0     1.161     798.0     -.127
    198.4      .170     398.4     -.307     598.4      .498     798.4     -.087
    198.8     -.066     398.8     -.423     598.8     -.041     798.8     -.200
    199.2     -.270     399.2     -.335     599.2     -.137     799.2     -.387
    199.6     -.443     399.6     -.366     599.6     -.314     799.6     -.342
