                               Waveform Amplitudes                              
                               *******************                              
       Equipment:	Jockey Pump
       Meas. Point:  B-JP-01   -M1A  -->  Motor Outboard Axial
       Date/Time:  04-Sep-24 10:53:11   Amplitude:  Acceleration in G-s
   
 Time (mS) Amplitude Time (mS) Amplitude Time (mS) Amplitude Time (mS) Amplitude
 --------- --------- --------- --------- --------- --------- --------- ---------
       0.     -.093     200.0      .508     400.0     -.243     600.0    -.0063
     .391     -.321     200.4      .227     400.4     -.896     600.4     -.445
     .781     -.230     200.8      .317     400.8    -1.291     600.8     -.502
    1.172     .0081     201.2      .826     401.2     -.917     601.2      .153
    1.563      .271     201.6      .971     401.6     -.210     601.6      .803
    1.953      .089     202.0      .632     402.0      .062     602.0      .996
    2.344     -.107     202.3     -.376     402.3     -.232     602.3      .563
    2.734      .107     202.7     -.732     402.7     -.210     602.7      .115
    3.125      .467     203.1     -.419     403.1      .195     603.1     -.308
    3.516      .303     203.5      .433     403.5      .653     603.5     -.473
    3.906     -.311     203.9      .440     403.9      .340     603.9     -.359
    4.297     -.615     204.3     -.333     404.3      .061     604.3     -.631
    4.688     -.390     204.7     -.576     404.7      .162     604.7     -.764
    5.078      .201     205.1     -.169     405.1      .612     605.1    -1.082
    5.469      .424     205.5      .632     405.5     1.035     605.5    -1.037
    5.859      .206     205.9      .165     405.9      .957     605.9     -.641
    6.250      .126     206.3     -.352     406.3      .405     606.3     -.218
    6.641     -.140     206.6     -.450     406.6     -.044     606.6      .087
    7.031     -.092     207.0      .305     407.0     -.321     607.0     -.065
    7.422     -.038     207.4      .587     407.4     -.243     607.4      .136
    7.813     -.014     207.8      .191     407.8      .085     607.8      .275
    8.203      .030     208.2     -.156     408.2     -.030     608.2      .344
    8.594      .060     208.6     -.110     408.6     -.363     608.6      .340
    8.984      .491     209.0     -.053     409.0     -.468     609.0      .337
    9.375      .399     209.4     -.382     409.4      .177     609.4      .489
    9.766      .507     209.8     -.128     409.8      .250     609.8      .614
    10.16      .303     210.2      .154     410.2    -.0093     610.2     1.047
    10.55      .315     210.5      .514     410.5     -.253     610.5      .773
    10.94      .010     210.9      .292     410.9    -.0039     610.9     -.030
    11.33     -.766     211.3     -.169     411.3      .270     611.3     -.474
    11.72    -1.003     211.7     -.334     411.7      .315     611.7     -.784
    12.11    -1.150     212.1     -.233     412.1      .235     612.1      .083
    12.50     -.708     212.5      .330     412.5      .053     612.5      .126
    12.89     -.627     212.9      .557     412.9     -.047     612.9      .096
    13.28     -.203     213.3      .108     413.3     -.572     613.3     -.107
    13.67     -.193     213.7      .172     413.7     -.395     613.7     -.018
    14.06     -.173     214.1      .347     414.1      .024     614.1      .060
    14.45     -.177     214.5      .786     414.5      .462     614.5     -.116
    14.84     -.264     214.8      .506     414.8      .436     614.8      .078
    15.23      .100     215.2     -.489     415.2     -.024     615.2     -.135
    15.63      .285     215.6     -.965     415.6     -.434     615.6      .199
    16.02      .725     216.0    -1.150     416.0     -.391     616.0      .190
    16.41      .676     216.4     -.733     416.4      .204     616.4      .402
    16.80      .627     216.8    -1.024     416.8      .384     616.8     -.016
    17.19      .618     217.2     -.989     417.2      .124     617.2     -.447
    17.58      .596     217.6     -.400     417.6     -.104     617.6     -.469
    17.97      .526     218.0      .234     418.0      .253     618.0     -.124
    18.36     -.042     218.4      .354     418.4      .647     618.4      .375
    18.75     -.346     218.8     -.202     418.8      .698     618.8      .150
    19.14     -.319     219.1     -.502     419.1      .250     619.1      .092
    19.53      .036     219.5     -.131     419.5     -.391     619.5     -.072
    19.92      .079     219.9      .678     419.9     -.568     619.9     -.198
    20.31     -.358     220.3      .720     420.3     -.757     620.3      .148
    20.70     -.395     220.7      .304     420.7     -.917     620.7      .159
    21.09     -.304     221.1      .262     421.1    -1.033     621.1      .077
    21.48      .133     221.5      .863     421.5     -.917     621.5     -.089
    21.88      .597     221.9      .964     421.9     -.453     621.9      .175
    22.27      .303     222.3      .385     422.3      .109     622.3      .629
    22.66     -.227     222.7     -.254     422.7      .108     622.7      .523
    23.05     -.304     223.0     -.509     423.0     -.054     623.0      .396
    23.44      .097     223.4     -.058     423.4     -.370     623.4      .043
    23.83      .223     223.8      .145     423.8     .0049     623.8      .063
    24.22      .166     224.2      .068     424.2      .379     624.2     -.265
    24.61      .017     224.6     -.223     424.6      .636     624.6     -.724
    25.00      .068     225.0     -.162     425.0      .477     625.0    -1.311
    25.39     -.077     225.4      .089     425.4      .345     625.4    -1.349
    25.78     -.342     225.8     -.098     425.8      .692     625.8     -.845
    26.17     -.355     226.2      .078     426.2      .847     626.2     -.412
    26.56      .027     226.6      .051     426.6      .731     626.6      .185
    26.95      .542     227.0      .061     427.0      .108     627.0     -.011
    27.34      .411     227.3      .063     427.3     -.370     627.3     -.153
    27.73      .249     227.7      .158     427.7     -.285     627.7     -.354
    28.13     -.177     228.1    -.0079     428.1     -.010     628.1     -.109
    28.52     -.506     228.5     -.161     428.5     -.021     628.5      .143
    28.91     -.160     228.9      .024     428.9     -.241     628.9      .480
    29.30      .386     229.3      .039     429.3     -.311     629.3      .834
    29.69      .774     229.7     -.015     429.7     -.050     629.7      .852
    30.08      .711     230.1     -.199     430.1     -.010     630.1      .700
    30.47      .620     230.5     -.112     430.5      .062     630.5      .404
    30.86     -.051     230.9    -.0077     430.9      .151     630.9      .423
    31.25     -.434     231.3      .110     431.3      .081     631.3      .202
    31.64     -.978     231.6      .184     431.6      .027     631.6      .140
    32.03     -.841     232.0      .242     432.0     -.070     632.0     -.195
    32.42     -.697     232.4      .112     432.4      .115     632.4     -.217
    32.81     -.609     232.8     -.165     432.8     -.012     632.8     -.297
    33.20     -.680     233.2     -.262     433.2      .092     633.2     -.339
    33.59     -.821     233.6      .179     433.6     -.046     633.6     -.210
    33.98     -.161     234.0      .863     434.0     -.249     634.0      .114
    34.38     -.117     234.4      .768     434.4     -.127     634.4      .305
    34.77     -.048     234.8      .493     434.8      .068     634.8     -.084
    35.16     -.145     235.2     -.033     435.2      .213     635.2     -.084
    35.55      .208     235.5     -.347     435.5      .046     635.5     -.016
    35.94      .512     235.9     -.607     435.9     -.031     635.9    -.0042
    36.33      .707     236.3     -.857     436.3      .276     636.3     -.116
    36.72      .464     236.7     -.987     436.7      .201     636.7      .168
    37.11      .172     237.1     -.944     437.1     -.162     637.1      .612
    37.50      .371     237.5     -.604     437.5     -.487     637.5      .400
    37.89      .880     237.9     -.347     437.9     -.205     637.9     -.282
    38.28     1.035     238.3     -.353     438.3      .703     638.3     -.699
    38.67      .301     238.7     -.333     438.7     1.043     638.7     -.442
    39.06     -.415     239.1     -.098     439.1      .809     639.1      .144
    39.45     -.776     239.5     -.054     439.5     -.326     639.5      .390
    39.84     -.329     239.8      .141     439.8     -.391     639.8      .252
    40.23      .180     240.2      .359     440.2     -.553     640.2      .046
    40.63      .129     240.6      .614     440.6     -.416     640.6      .067
    41.02     -.125     241.0      .643     441.0     -.735     641.0      .073
    41.41     -.489     241.4      .307     441.4    -1.068     641.4     -.088
    41.80     -.076     241.8      .247     441.8     -.781     641.8     -.307
    42.19      .525     242.2      .512     442.2     -.628     642.2     -.292
    42.58      .455     242.6      .896     442.6     -.090     642.6      .547
    42.97     -.257     243.0      .663     443.0     -.354     643.0     1.265
    43.36     -.481     243.4     -.077     443.4     -.169     643.4     1.169
    43.75     .0065     243.8     -.681     443.8     -.101     643.8     -.208
    44.14      .356     244.1     -.411     444.1      .323     644.1     -.893
    44.53      .391     244.5      .050     444.5      .541     644.5     -.629
    44.92     -.078     244.9      .099     444.9      .383     644.9     -.212
    45.31     -.091     245.3     -.308     445.3      .263     645.3     -.177
    45.70     -.335     245.7     -.138     445.7      .302     645.7    -1.131
    46.09     -.350     246.1      .126     446.1      .550     646.1    -1.413
    46.48     -.149     246.5      .232     446.5      .761     646.5     -.964
    46.88      .320     246.9      .037     446.9      .900     646.9     -.056
    47.27      .617     247.3     -.333     447.3      .530     647.3      .361
    47.66      .240     247.7     -.281     447.7    -.0027     647.7     -.150
    48.05     -.064     248.0      .237     448.0     -.592     648.0     -.260
    48.44     -.521     248.4      .714     448.4     -.498     648.4     -.127
    48.83     -.339     248.8      .484     448.8     -.252     648.8      .390
    49.22      .221     249.2      .022     449.2     -.011     649.2      .508
    49.61      .717     249.6     -.572     449.6      .106     649.6      .231
    50.00      .647     250.0     -.501     450.0      .116     650.0      .295
    50.39      .273     250.4     -.322     450.4     -.196     650.4      .632
    50.78      .132     250.8      .050     450.8     -.314     650.8      .892
    51.17      .086     251.2      .349     451.2      .232     651.2      .773
    51.56      .100     251.6      .450     451.6      .253     651.6      .275
    51.95     -.434     252.0      .176     452.0      .053     652.0     -.176
    52.34     -.734     252.3     -.374     452.3     -.212     652.3     -.475
    52.73     -.812     252.7     -.378     452.7      .180     652.7     -.388
    53.13     -.652     253.1     -.134     453.1      .459     653.1      .119
    53.52    -1.025     253.5      .157     453.5      .118     653.5      .125
    53.91     -.991     253.9      .480     453.9     -.516     653.9     -.068
    54.30     -.391     254.3      .855     454.3     -.753     654.3     -.290
    54.69      .065     254.7      .621     454.7     -.046     654.7     -.247
    55.08      .330     255.1      .114     455.1      .397     655.1      .240
    55.47     -.083     255.5     -.105     455.5      .388     655.5      .642
    55.86     -.085     255.9     -.346     455.9      .096     655.9     .0013
    56.25      .021     256.3      .026     456.3     -.109     656.3     -.665
    56.64      .498     256.6     -.299     456.6    -.0090     656.6     -.288
    57.03      .692     257.0     -.826     457.0      .091     657.0      .299
    57.42      .409     257.4    -1.272     457.4     -.076     657.4      .617
    57.81      .443     257.8    -1.358     457.8     -.329     657.8      .298
    58.20      .720     258.2     -.634     458.2     -.018     658.2     -.060
    58.59      .826     258.6     -.130     458.6      .718     658.6     -.270
    58.98      .332     259.0      .343     459.0     1.075     659.0     -.576
    59.38     -.317     259.4     -.120     459.4      .219     659.4     -.409
    59.77     -.611     259.8     -.262     459.8     -.264     659.8      .069
    60.16     -.287     260.2     -.040     460.2     -.312     660.2      .671
    60.55      .326     260.5      .263     460.5      .148     660.5      .645
    60.94      .195     260.9      .485     460.9    -.0083     660.9      .153
    61.33     -.198     261.3      .394     461.3     -.899     661.3     -.271
    61.72     -.455     261.7      .391     461.7    -1.376     661.7     -.493
    62.11     -.384     262.1      .468     462.1    -1.310     662.1     -.175
    62.50      .385     262.5      .829     462.5     -.544     662.5      .461
    62.89      .616     262.9      .774     462.9     -.103     662.9      .707
    63.28      .200     263.3      .322     463.3      .079     663.3      .574
    63.67     -.249     263.7     -.227     463.7     -.184     663.7      .104
    64.06     .0057     264.1     -.331     464.1     -.159     664.1      .211
    64.45      .185     264.5     -.060     464.5      .113     664.5      .314
    64.84    -.0033     264.8      .221     464.8      .330     664.8     -.093
    65.23     -.238     265.2     -.074     465.2      .235     665.2     -.800
    65.63     -.145     265.6     -.473     465.6      .272     665.6    -1.140
    66.02      .276     266.0     -.255     466.0      .595     666.0     -.922
    66.41      .149     266.4      .327     466.4      .740     666.4     -.938
    66.80     -.339     266.8      .188     466.8      .800     666.8     -.984
    67.19     -.378     267.2     -.254     467.2      .535     667.2     -.624
    67.58     -.017     267.6     -.127     467.6      .305     667.6      .082
    67.97      .386     268.0      .075     468.0      .051     668.0      .384
    68.36      .321     268.4      .401     468.4     -.186     668.4      .076
    68.75      .157     268.8      .145     468.8     -.379     668.8     -.430
    69.14     -.238     269.1      .139     469.1     -.143     669.1     -.240
    69.53     -.136     269.5      .086     469.5     -.054     669.5      .414
    69.92      .250     269.9     -.257     469.9     -.203     669.9      .939
    70.31      .302     270.3     -.439     470.3     -.194     670.3      .592
    70.70      .484     270.7     -.334     470.7     -.048     670.7      .242
    71.09      .380     271.1      .209     471.1      .221     671.1      .480
    71.48      .749     271.5      .414     471.5      .055     671.5      .941
    71.88      .081     271.9      .228     471.9      .055     671.9      .694
    72.27     -.587     272.3     -.272     472.3     -.034     672.3      .039
    72.66    -1.090     272.7     -.437     472.7      .090     672.7     -.737
    73.05    -1.131     273.0     -.035     473.0      .148     673.0     -.613
    73.44     -.539     273.4      .382     473.4      .121     673.4      .314
    73.83     -.708     273.8      .196     473.8      .075     673.8      .440
    74.22     -.709     274.2     -.307     474.2     -.102     674.2      .035
    74.61     -.740     274.6     -.066     474.6     -.438     674.6     -.586
    75.00     -.217     275.0      .751     475.0     -.269     675.0     -.215
    75.39      .076     275.4     1.236     475.4      .050     675.4      .190
    75.78        0.     275.8      .748     475.8      .339     675.8      .316
    76.17      .110     276.2     -.359     476.2      .325     676.2      .112
    76.56      .137     276.6     -.812     476.6     .0093     676.6     -.114
    76.95      .588     277.0     -.693     477.0     -.205     677.0     -.133
    77.34      .655     277.3     -.641     477.3     -.099     677.3      .103
    77.73      .587     277.7     -.883     477.7      .362     677.7      .145
    78.13      .285     278.1    -1.137     478.1      .165     678.1     -.072
    78.52      .500     278.5     -.839     478.5     -.192     678.5     -.056
    78.91      .865     278.9     -.237     478.9     -.305     678.9     -.062
    79.30      .595     279.3      .281     479.3      .499     679.3     -.085
    79.69      .196     279.7     -.038     479.7     1.200     679.7     -.271
    80.08     -.546     280.1     -.398     480.1      .831     680.1      .023
    80.47     -.481     280.5     -.284     480.5      .031     680.5      .258
    80.86     -.159     280.9      .304     480.9    -1.126     680.9      .305
    81.25      .042     281.3      .543     481.3     -.661     681.3      .086
    81.64      .032     281.6      .516     481.6     -.503     681.6     -.089
    82.03     -.587     282.0      .459     482.0     -.534     682.0      .063
    82.42      .029     282.4      .525     482.4    -1.125     682.4      .059
    82.81      .420     282.8      .797     482.8    -1.187     682.8      .014
    83.20      .485     283.2      .619     483.2     -.435     683.2     -.210
    83.59     -.048     283.6      .343     483.6      .138     683.6      .553
    83.98     -.333     284.0    -.0053     484.0      .198     684.0      .936
    84.38    -.0079     284.4     .0071     484.4     -.450     684.4      .866
    84.77      .032     284.8     -.109     484.8     -.428     684.8      .149
    85.16      .271     285.2     -.096     485.2      .226     685.2     -.616
    85.55      .079     285.5     -.285     485.5      .780     685.5     -.674
    85.94      .258     285.9     -.427     485.9      .620     685.9     -.860
    86.33     -.189     286.3     -.147     486.3      .232     686.3     -.913
    86.72     -.465     286.7      .358     486.7      .458     686.7    -1.060
    87.11     -.553     287.1      .242     487.1      .790     687.1     -.808
    87.50     -.114     287.5     -.265     487.5      .928     687.5     -.343
    87.89      .475     287.9     -.253     487.9      .448     687.9     -.066
    88.28      .476     288.3     -.125     488.3      .027     688.3     -.110
    88.67      .224     288.7     .0085     488.7     -.188     688.7     -.375
    89.06     -.255     289.1      .074     489.1     -.186     689.1     -.225
    89.45     -.332     289.5      .246     489.5     -.154     689.5      .125
    89.84     -.231     289.8      .708     489.8     -.304     689.8      .532
    90.23      .165     290.2      .364     490.2     -.290     690.2      .634
    90.63      .475     290.6     -.354     490.6     -.014     690.6      .535
    91.02      .891     291.0     -.857     491.0      .039     691.0      .459
    91.41      .935     291.4     -.625     491.4     -.137     691.4      .540
    91.80      .268     291.8      .229     491.8     -.064     691.8      .689
    92.19     -.328     292.2      .672     492.2      .196     692.2      .462
    92.58     -.781     292.6      .520     492.6      .225     692.6      .239
    92.97     -.414     293.0     -.029     493.0      .019     693.0     -.130
    93.36     -.462     293.4     -.242     493.4     -.066     693.4     -.399
    93.75     -.611     293.8     -.149     493.8      .052     693.8     -.284
    94.14    -1.122     294.1     -.328     494.1      .348     694.1     -.143
    94.53    -1.114     294.5     -.282     494.5      .242     694.5     -.096
    94.92     -.591     294.9      .110     494.9     -.277     694.9     -.230
    95.31     -.168     295.3     1.104     495.3     -.472     695.3      .159
    95.70     .0007     295.7     1.531     495.7     -.246     695.7      .129
    96.09     -.150     296.1      .514     496.1     .0076     696.1     -.023
    96.48    -.0034     296.5     -.567     496.5      .232     696.5     -.068
    96.88      .390     296.9     -.999     496.9      .402     696.9      .034
    97.27      .602     297.3     -.333     497.3      .224     697.3    -.0047
    97.66      .437     297.7     -.199     497.7      .094     697.7     -.099
    98.05      .082     298.0     -.772     498.0     -.184     698.0      .226
    98.44      .258     298.4    -1.247     498.4     -.415     698.4      .562
    98.83      .839     298.8    -1.273     498.8     -.441     698.8      .430
    99.22     1.171     299.2     -.340     499.2      .245     699.2     -.329
    99.61      .762     299.6      .019     499.6      .893     699.6     -.755
    100.0     -.056     300.0      .013     500.0     1.195     700.0     -.471
    100.4     -.688     300.4     -.131     500.4      .404     700.4      .198
    100.8     -.634     300.8     -.199     500.8     -.425     700.8      .378
    101.2      .131     301.2      .447     501.2     -.484     701.2      .283
    101.6      .253     301.6      .322     501.6     -.316     701.6      .182
    102.0     -.226     302.0      .232     502.0     -.167     702.0      .097
    102.3     -.562     302.3      .084     502.3     -.878     702.3      .033
    102.7      .132     302.7      .522     502.7    -1.031     702.7     -.205
    103.1      .388     303.1      .889     503.1     -.894     703.1     -.319
    103.5      .118     303.5     1.027     503.5     -.498     703.5      .045
    103.9     -.250     303.9      .625     503.9     -.341     703.9      .937
    104.3     -.298     304.3      .035     504.3     -.202     704.3     1.354
    104.7      .135     304.7     -.332     504.7     -.091     704.7      .582
    105.1      .410     305.1     -.532     505.1     -.044     705.1     -.416
    105.5      .523     305.5     -.111     505.5      .221     705.5     -.994
    105.9      .169     305.9      .263     505.9      .260     705.9     -.492
    106.3     -.174     306.3      .345     506.3      .330     706.3     -.073
    106.6     -.570     306.6     -.316     506.6      .386     706.6     -.449
    107.0     -.425     307.0     -.417     507.0      .465     707.0    -1.180
    107.4      .059     307.4     -.010     507.4      .475     707.4    -1.461
    107.8      .365     307.8      .231     507.8      .780     707.8     -.639
    108.2      .391     308.2     -.137     508.2      .803     708.2     -.092
    108.6      .061     308.6     -.287     508.6      .474     708.6      .017
    109.0     -.235     309.0     -.121     509.0     -.181     709.0     -.253
    109.4     -.369     309.4      .287     509.4     -.818     709.4     -.147
    109.8      .121     309.8      .525     509.8     -.498     709.8      .276
    110.2      .262     310.2      .286     510.2      .230     710.2      .509
    110.5      .150     310.5      .130     510.5      .340     710.5      .321
    110.9     -.061     310.9     -.302     510.9     -.192     710.9      .118
    111.3      .275     311.3     -.586     511.3     -.390     711.3      .378
    111.7      .746     311.7     -.364     511.7      .054     711.7      .624
    112.1      .459     312.1      .082     512.1      .233     712.1      .870
    112.5      .178     312.5      .414     512.5      .092     712.5      .650
    112.9     -.276     312.9      .479     512.9     -.207     712.9      .234
    113.3     -.202     313.3    -.0018     513.3     -.143     713.3     -.033
    113.7     -.573     313.7     -.144     513.7      .247     713.7     -.379
    114.1    -1.044     314.1     -.385     514.1      .486     714.1     -.314
    114.5    -1.405     314.5      .164     514.5      .290     714.5      .070
    114.8    -1.241     314.8      .252     514.8     -.134     714.8      .196
    115.2     -.328     315.2      .143     515.2     -.476     715.2     -.057
    115.6      .268     315.6     -.015     515.6     -.571     715.6     -.428
    116.0      .271     316.0      .282     516.0     -.112     716.0     -.130
    116.4     -.301     316.4      .921     516.4      .336     716.4      .408
    116.8     -.479     316.8      .650     516.8      .579     716.8      .353
    117.2     -.226     317.2      .141     517.2      .225     717.2     -.356
    117.6      .365     317.6     -.801     517.6     -.191     717.6     -.488
    118.0      .650     318.0    -1.064     518.0     -.348     718.0      .142
    118.4      .518     318.4    -1.016     518.4     -.043     718.4      .685
    118.8      .545     318.8    -1.005     518.8      .285     718.8      .429
    119.1      .659     319.1     -.924     519.1      .214     719.1     -.207
    119.5      .906     319.5     -.832     519.5     -.072     719.5     -.334
    119.9      .504     319.9      .180     519.9      .028     719.9     -.294
    120.3     -.032     320.3      .394     520.3      .517     720.3     -.095
    120.7     -.335     320.7      .124     520.7      .651     720.7     .0020
    121.1     -.148     321.1     -.443     521.1      .507     721.1    -.0024
    121.5      .205     321.5     -.498     521.5     -.051     721.5      .261
    121.9      .018     321.9      .328     521.9     -.420     721.9      .070
    122.3     -.442     322.3      .649     522.3     -.630     722.3      .058
    122.7     -.590     322.7      .733     522.7     -.856     722.7     -.159
    123.0      .330     323.0      .141     523.0    -1.060     723.0     -.208
    123.4      .490     323.4      .521     523.4    -1.162     723.4      .239
    123.8      .079     323.8     1.013     523.8     -.682     723.8      .329
    124.2     -.252     324.2      .903     524.2     -.081     724.2      .315
    124.6     -.155     324.6      .307     524.6      .210     724.6      .232
    125.0     -.017     325.0     -.456     525.0     -.217     725.0      .581
    125.4     -.046     325.4     -.329     525.4     -.365     725.4      .774
    125.8      .062     325.8     -.112     525.8     -.227     725.8      .391
    126.2      .355     326.2      .342     526.2      .367     726.2     -.524
    126.6      .367     326.6     -.088     526.6      .645     726.6    -1.195
    127.0     -.128     327.0     -.401     527.0      .559     727.0     -.960
    127.3     -.540     327.3     -.363     527.3      .364     727.3     -.852
    127.7     -.490     327.7      .028     527.7      .510     727.7     -.895
    128.1      .051     328.1      .153     528.1      .923     728.1    -1.049
    128.5      .404     328.5     -.051     528.5      .756     728.5     -.267
    128.9      .344     328.9     -.096     528.9      .316     728.9      .324
    129.3      .127     329.3     -.069     529.3     -.206     729.3      .186
    129.7     -.111     329.7      .272     529.7     -.335     729.7     -.333
    130.1      .138     330.1      .120     530.1     -.154     730.1     -.538
    130.5      .150     330.5     -.012     530.5     -.071     730.5      .165
    130.9     -.225     330.9     -.124     530.9     -.043     730.9      .719
    131.3     -.349     331.3      .070     531.3     -.156     731.3      .754
    131.6      .423     331.6      .109     531.6     -.176     731.6      .310
    132.0     1.119     332.0     -.144     532.0     -.143     732.0      .254
    132.4      .970     332.4     -.229     532.4      .059     732.4      .730
    132.8      .064     332.8     -.173     532.8      .186     732.8      .833
    133.2     -.821     333.2      .239     533.2      .279     733.2      .596
    133.6     -.638     333.6      .290     533.6      .021     733.6     -.057
    134.0     -.291     334.0      .238     534.0     -.079     734.0     -.441
    134.4     -.418     334.4      .138     534.4      .085     734.4     -.307
    134.8    -1.225     334.8     -.305     534.8      .124     734.8      .116
    135.2    -1.202     335.2     -.259     535.2     -.016     735.2      .090
    135.5     -.663     335.5     -.108     535.5     -.272     735.5     -.413
    135.9     -.056     335.9      .455     535.9     -.247     735.9     -.514
    136.3      .058     336.3      .736     536.3     -.081     736.3      .112
    136.7     -.288     336.7      .894     536.7      .063     736.7      .458
    137.1     -.310     337.1      .487     537.1      .155     737.1      .093
    137.5      .102     337.5     -.125     537.5     -.047     737.5     -.316
    137.9      .647     337.9     -.500     537.9     -.061     737.9     -.264
    138.3      .359     338.3     -.803     538.3      .119     738.3      .163
    138.7      .276     338.7     -.976     538.7      .279     738.7      .166
    139.1      .300     339.1    -1.008     539.1      .038     739.1      .185
    139.5      .684     339.5     -.694     539.5     -.447     739.5      .299
    139.8      .875     339.8     -.391     539.8     -.111     739.8      .496
    140.2      .542     340.2     -.202     540.2      .367     740.2     -.078
    140.6      .284     340.6     -.332     540.6      .971     740.6     -.684
    141.0     -.032     341.0     -.320     541.0      .891     741.0     -.539
    141.4     -.178     341.4     -.235     541.4      .188     741.4      .021
    141.8     -.303     341.8    -.0098     541.8     -.135     741.8      .507
    142.2     -.255     342.2      .349     542.2     -.480     742.2      .374
    142.6     -.067     342.6      .562     542.6     -.344     742.6      .057
    143.0     -.174     343.0      .546     543.0     -.789     743.0     -.247
    143.4     -.025     343.4      .295     543.4     -.869     743.4     -.117
    143.8      .193     343.8      .214     543.8     -.939     743.8      .095
    144.1      .307     344.1      .437     544.1     -.685     744.1     -.112
    144.5      .072     344.5      .870     544.5     -.416     744.5      .016
    144.9     -.171     344.9      .822     544.9     -.390     744.9      .649
    145.3     -.340     345.3      .333     545.3     -.262     745.3     1.116
    145.7     -.113     345.7     -.457     545.7     -.200     745.7      .899
    146.1      .351     346.1     -.729     546.1      .152     746.1     -.307
    146.5      .539     346.5     -.155     546.5      .409     746.5     -.805
    146.9      .519     346.9      .202     546.9      .639     746.9     -.557
    147.3     -.143     347.3      .202     547.3      .477     747.3     -.303
    147.7     -.733     347.7     -.337     547.7      .309     747.7     -.686
    148.0     -.789     348.0     -.244     548.0      .263     748.0    -1.494
    148.4     -.227     348.4     -.207     548.4      .476     748.4    -1.157
    148.8      .453     348.8      .141     548.8      .888     748.8     -.363
    149.2      .725     349.2      .062     549.2      .715     749.2      .314
    149.6      .329     349.6     -.044     549.6      .313     749.6     -.092
    150.0     -.197     350.0      .030     550.0     -.390     750.0     -.511
    150.4     -.380     350.4      .195     550.4     -.580     750.4     -.271
    150.8     -.081     350.8      .325     550.8     -.308     750.8      .486
    151.2      .242     351.2      .096     551.2      .019     751.2      .721
    151.6      .117     351.6      .020     551.6     -.119     751.6      .313
    152.0      .443     352.0     -.235     552.0     -.196     752.0     -.019
    152.3      .566     352.3     -.358     552.3     -.069     752.3      .217
    152.7      .647     352.7     -.128     552.7      .151     752.7      .817
    153.1      .294     353.1      .246     553.1      .278     753.1      .941
    153.5     -.388     353.5      .473     553.5      .094     753.5      .654
    153.9     -.412     353.9      .317     553.9     -.147     753.9      .137
    154.3     -.375     354.3     -.058     554.3     -.191     754.3     -.192
    154.7     -.426     354.7     -.126     554.7      .282     754.7     -.296
    155.1     -.961     355.1     -.318     555.1      .448     755.1     -.111
    155.5    -1.437     355.5     -.194     555.5      .362     755.5     -.024
    155.9    -1.244     355.9     -.031     555.9     -.099     755.9     -.036
    156.3     -.424     356.3      .434     556.3     -.636     756.3     -.247
    156.6      .470     356.6      .789     556.6     -.551     756.6     -.227
    157.0      .359     357.0      .550     557.0      .015     757.0      .181
    157.4     -.107     357.4      .305     557.4      .400     757.4      .425
    157.8     -.358     357.8     -.214     557.8      .254     757.8      .033
    158.2      .053     358.2     -.136     558.2      .089     758.2     -.528
    158.6      .495     358.6     -.359     558.6     -.193     758.6     -.358
    159.0      .426     359.0     -.657     559.0     -.202     759.0      .184
    159.4      .348     359.4    -1.107     559.4      .015     759.4      .564
    159.8      .533     359.8    -1.258     559.8      .070     759.8      .398
    160.2     1.061     360.2     -.820     560.2      .052     760.2      .149
    160.5     1.032     360.5     -.367     560.5      .232     760.5     -.121
    160.9      .230     360.9      .145     560.9      .820     760.9     -.464
    161.3     -.393     361.3     -.094     561.3      .761     761.3     -.495
    161.7     -.604     361.7     -.087     561.7      .322     761.7     -.201
    162.1     -.163     362.1     -.125     562.1     -.292     762.1      .401
    162.5      .374     362.5      .063     562.5     -.333     762.5      .662
    162.9      .282     362.9      .229     562.9     -.056     762.9      .239
    163.3     -.237     363.3      .479     563.3     -.256     763.3     -.192
    163.7     -.544     363.7      .564     563.7     -.815     763.7     -.504
    164.1     -.070     364.1      .554     564.1    -1.432     764.1     -.350
    164.5      .230     364.5      .621     564.5    -1.261     764.5      .256
    164.8      .224     364.8      .600     564.8     -.713     764.8      .572
    165.2     -.019     365.2      .664     565.2     .0012     765.2      .595
    165.6     .0020     365.6      .217     565.6      .120     765.6      .297
    166.0      .094     366.0     -.030     566.0     -.240     766.0      .322
    166.4      .161     366.4     -.400     566.4     -.247     766.4      .324
    166.8     -.043     366.8     -.143     566.8      .076     766.8      .165
    167.2     -.144     367.2      .046     567.2      .549     767.2     -.466
    167.6      .160     367.6     -.028     567.6      .529     767.6     -.867
    168.0     -.010     368.0     -.135     568.0      .381     768.0     -.960
    168.4     -.251     368.4     -.491     568.4      .435     768.4     -.902
    168.8     -.421     368.8     -.201     568.8      .620     768.8    -1.067
    169.1     -.174     369.1      .109     569.1      .991     769.1    -1.044
    169.5      .302     369.5      .410     569.5      .601     769.5     -.231
    169.9      .414     369.9     -.012     569.9      .146     769.9      .378
    170.3      .127     370.3     -.168     570.3     -.268     770.3      .400
    170.7     -.205     370.7      .034     570.7     -.276     770.7     -.100
    171.1      .017     371.1      .122     571.1     -.079     771.1     -.452
    171.5      .163     371.5      .118     571.5     -.127     771.5      .058
    171.9    -.0089     371.9     -.121     571.9      .055     771.9      .479
    172.3     -.097     372.3     -.068     572.3     -.204     772.3      .720
    172.7      .366     372.7     -.049     572.7     -.218     772.7      .402
    173.0      .820     373.0     -.211     573.0     -.165     773.0      .347
    173.4     1.046     373.4     -.080     573.4      .218     773.4      .916
    173.8      .280     373.8      .090     573.8      .338     773.8      .861
    174.2     -.547     374.2      .308     574.2      .083     774.2      .377
    174.6     -.860     374.6      .115     574.6     -.034     774.6     -.355
    175.0     -.884     375.0      .045     575.0      .062     775.0     -.616
    175.4     -.959     375.4      .076     575.4      .259     775.4     -.097
    175.8     -.884     375.8     -.160     575.8     -.069     775.8      .291
    176.2     -.524     376.2     -.025     576.2     -.306     776.2      .158
    176.6     -.547     376.6      .117     576.6     -.492     776.6     -.230
    177.0     -.320     377.0      .300     577.0     -.105     777.0     -.323
    177.3     -.368     377.3      .552     577.3      .190     777.3     -.197
    177.7     -.187     377.7      .794     577.7      .251     777.7      .038
    178.1     -.079     378.1      .675     578.1      .045     778.1      .114
    178.5      .290     378.5     -.254     578.5     -.287     778.5     -.083
    178.9      .448     378.9     -.938     578.9     -.149     778.9     -.118
    179.3      .416     379.3    -1.163     579.3      .149     779.3      .140
    179.7      .512     379.7     -.857     579.7      .410     779.7      .406
    180.1      .478     380.1     -.500     580.1      .071     780.1      .147
    180.5      .628     380.5     -.828     580.5     -.109     780.5     -.245
    180.9      .729     380.9     -.796     580.9     -.071     780.9     -.230
    181.3      .644     381.3     -.273     581.3      .449     781.3     -.042
    181.6      .093     381.6      .251     581.6      .827     781.6      .132
    182.0     -.103     382.0      .081     582.0      .764     782.0     -.018
    182.4     -.447     382.4     -.440     582.4      .282     782.4     -.091
    182.8     -.249     382.8     -.287     582.8     -.245     782.8      .039
    183.2     -.161     383.2      .366     583.2     -.448     783.2      .088
    183.6      .037     383.6      .851     583.6     -.601     783.6      .300
    184.0     -.074     384.0      .730     584.0     -.877     784.0      .212
    184.4     -.315     384.4      .206     584.4    -1.155     784.4     -.156
    184.8     -.171     384.8      .207     584.8     -.982     784.8     -.235
    185.2      .256     385.2      .843     585.2     -.521     785.2     -.135
    185.5      .517     385.5      .863     585.5     -.207     785.5      .494
    185.9      .016     385.9      .492     585.9     -.218     785.9      .730
    186.3     -.171     386.3     -.167     586.3     -.353     786.3      .645
    186.7     -.246     386.7     -.411     586.7     -.401     786.7      .490
    187.1      .186     387.1     -.249     587.1     -.032     787.1      .073
    187.5      .492     387.5      .034     587.5      .399     787.5     -.315
    187.9      .324     387.9     -.059     587.9      .759     787.9     -.827
    188.3      .092     388.3     -.635     588.3      .697     788.3    -1.211
    188.7     -.392     388.7     -.353     588.7      .391     788.7    -1.185
    189.1     -.620     389.1      .356     589.1      .522     789.1     -.767
    189.5     -.448     389.5      .337     589.5      .560     789.5     -.345
    189.8      .044     389.8     -.040     589.8      .710     789.8     -.356
    190.2      .616     390.2     -.222     590.2      .412     790.2     -.305
    190.6      .462     390.6     -.082     590.6      .175     790.6     -.091
    191.0      .137     391.0      .107     591.0     -.121     791.0     -.081
    191.4     -.285     391.4      .246     591.4     -.358     791.4     -.107
    191.8     -.587     391.8      .298     591.8     -.404     791.8     -.054
    192.2     -.048     392.2      .333     592.2     -.317     792.2      .354
    192.6      .394     392.6      .068     592.6     -.077     792.6      .629
    193.0      .947     393.0     -.425     593.0     -.090     793.0      .732
    193.4      .774     393.4     -.585     593.4     -.143     793.4      .521
    193.8      .460     393.8     -.268     593.8      .080     793.8      .441
    194.1      .121     394.1      .338     594.1      .408     794.1      .612
    194.5     -.363     394.5      .599     594.5      .232     794.5      .569
    194.9     -.532     394.9      .417     594.9     -.088     794.9      .389
    195.3     -.776     395.3     -.122     595.3     -.176     795.3     -.072
    195.7     -.715     395.7     -.400     595.7     -.105     795.7     -.411
    196.1     -.723     396.1     -.219     596.1      .281     796.1     -.326
    196.5     -.911     396.5     -.064     596.5      .329     796.5     -.044
    196.9     -.999     396.9     -.056     596.9      .237     796.9      .074
    197.3     -.470     397.3      .397     597.3     -.121     797.3     -.274
    197.7     -.170     397.7     1.039     597.7     -.554     797.7     -.345
    198.0      .014     398.0      .889     598.0     -.446     798.0      .026
    198.4     -.085     398.4      .063     598.4     -.151     798.4      .342
    198.8      .048     398.8     -.843     598.8      .412     798.8      .024
    199.2      .371     399.2     -.653     599.2      .451     799.2     -.381
    199.6      .511     399.6     -.235     599.6      .243     799.6     -.285
