                               Waveform Amplitudes                              
                               *******************                              
       Equipment:	Jockey Pump
       Meas. Point:  B-JP-01   -M1A  -->  Motor Outboard Axial
       Date/Time:  28-Jun-24 09:15:08   Amplitude:  Acceleration in G-s
   
 Time (mS) Amplitude Time (mS) Amplitude Time (mS) Amplitude Time (mS) Amplitude
 --------- --------- --------- --------- --------- --------- --------- ---------
       0.      .169     200.0     -.076     400.0      .429     600.0     -.368
     .391      .626     200.4      .266     400.4      .252     600.4     -.329
     .781      .815     200.8      .641     400.8      .174     600.8     -.393
    1.172      .727     201.2      .846     401.2      .025     601.2     -.899
    1.563      .474     201.6      .816     401.6     -.288     601.6    -1.164
    1.953      .088     202.0      .557     402.0     -.495     602.0     -.900
    2.344     -.474     202.3      .192     402.3     -.508     602.3     -.300
    2.734    -1.004     202.7     -.040     402.7     -.340     602.7      .300
    3.125    -1.194     203.1      .021     403.1     -.066     603.1      .632
    3.516    -1.025     203.5      .420     403.5      .268     603.5      .553
    3.906     -.644     203.9      .753     403.9      .533     603.9      .387
    4.297     -.343     204.3      .857     404.3      .851     604.3      .138
    4.688     -.256     204.7      .675     404.7     1.011     604.7     -.178
    5.078     -.263     205.1      .270     405.1      .854     605.1     -.525
    5.469     -.272     205.5     -.169     405.5      .410     605.5     -.638
    5.859     -.166     205.9     -.717     405.9     -.018     605.9     -.414
    6.250      .171     206.3    -1.147     406.3     -.125     606.3     -.241
    6.641      .652     206.6    -1.197     406.6      .057     606.6      .203
    7.031      .916     207.0     -.889     407.0      .463     607.0      .531
    7.422      .831     207.4     -.620     407.4      .761     607.4      .706
    7.813      .733     207.8     -.370     407.8      .799     607.8      .706
    8.203      .618     208.2     -.303     408.2      .467     608.2      .557
    8.594      .540     208.6     -.386     408.6     -.042     608.6      .350
    8.984      .416     209.0     -.415     409.0     -.718     609.0      .058
    9.375      .192     209.4     -.190     409.4    -1.319     609.4      .031
    9.766      .103     209.8      .334     409.8    -1.497     609.8      .130
    10.16     -.107     210.2      .785     410.2    -1.116     610.2      .412
    10.55     -.337     210.5      .975     410.5     -.529     610.5      .709
    10.94     -.620     210.9      .826     410.9     -.255     610.9      .810
    11.33     -.899     211.3      .634     411.3     -.230     611.3      .606
    11.72    -1.030     211.7      .586     411.7     -.310     611.7      .158
    12.11     -.908     212.1      .550     412.1     -.520     612.1     -.381
    12.50     -.623     212.5      .435     412.5     -.448     612.5     -.966
    12.89     -.175     212.9      .290     412.9      .127     612.9    -1.280
    13.28      .192     213.3      .168     413.3      .755     613.3    -1.226
    13.67      .219     213.7     -.218     413.7     1.035     613.7     -.820
    14.06      .104     214.1     -.518     414.1     1.051     614.1     -.338
    14.45      .206     214.5     -.754     414.5      .907     614.5     -.121
    14.84      .331     214.8     -.950     414.8      .743     614.8     -.194
    15.23      .180     215.2     -.907     415.2      .626     615.2     -.300
    15.63     -.023     215.6     -.625     415.6      .501     615.6     -.405
    16.02     -.192     216.0     -.247     416.0      .300     616.0     -.156
    16.41     -.503     216.4     -.020     416.4      .236     616.4      .512
    16.80     -.673     216.8      .079     416.8     -.033     616.8     1.003
    17.19     -.182     217.2      .024     417.2     -.473     617.2     1.090
    17.58      .543     217.6      .016     417.6     -.805     617.6      .908
    17.97     1.037     218.0      .157     418.0     -.998     618.0      .691
    18.36      .989     218.4      .188     418.4    -1.054     618.4      .522
    18.75      .643     218.8     -.013     418.8     -.873     618.8      .282
    19.14      .257     219.1     -.192     419.1     -.457     619.1      .128
    19.53     -.162     219.5     -.477     419.5     -.171     619.5      .115
    19.92     -.339     219.9     -.717     419.9     -.087     619.9      .084
    20.31     -.058     220.3     -.474     420.3     -.035     620.3     -.159
    20.70      .527     220.7      .161     420.7     -.022     620.7     -.588
    21.09      .792     221.1      .871     421.1      .060     621.1     -.943
    21.48      .748     221.5     1.085     421.5      .262     621.5    -1.153
    21.88      .514     221.9      .869     421.9      .199     621.9    -1.021
    22.27      .071     222.3      .519     422.3     -.016     622.3     -.616
    22.66     -.439     222.7      .015     422.7     -.165     622.7     -.119
    23.05     -.746     223.0     -.279     423.0     -.472     623.0      .200
    23.44     -.824     223.4     .0043     423.4     -.505     623.4      .186
    23.83     -.831     223.8      .557     423.8     -.064     623.8      .096
    24.22     -.843     224.2      .934     424.2      .762     624.2      .089
    24.61     -.849     224.6      .733     424.6     1.244     624.6      .145
    25.00     -.700     225.0      .482     425.0     1.169     625.0      .178
    25.39     -.315     225.4      .191     425.4      .746     625.4      .053
    25.78      .109     225.8     -.235     425.8      .329     625.8     -.101
    26.17      .290     226.2     -.505     426.2     -.032     626.2     -.305
    26.56      .429     226.6     -.720     426.6     -.274     626.6     -.532
    26.95      .356     227.0     -.797     427.0    -.0034     627.0     -.362
    27.34      .390     227.3     -.963     427.3      .539     627.3      .269
    27.73      .595     227.7     -.990     427.7      .721     627.7      .921
    28.13      .724     228.1     -.940     428.1      .441     628.1     1.067
    28.52      .867     228.5     -.737     428.5      .202     628.5      .743
    28.91      .920     228.9     -.261     428.9     -.285     628.9      .252
    29.30      .623     229.3      .220     429.3     -.674     629.3     -.072
    29.69      .149     229.7      .407     429.7     -.837     629.7     -.156
    30.08     -.196     230.1      .317     430.1     -.846     630.1     -.039
    30.47     -.524     230.5      .241     430.5     -.778     630.5      .281
    30.86     -.550     230.9      .342     430.9     -.847     630.9      .566
    31.25     -.283     231.3      .626     431.3     -.839     631.3      .656
    31.64     -.255     231.6      .913     431.6     -.705     631.6      .578
    32.03     -.652     232.0      .975     432.0     -.313     632.0      .303
    32.42    -1.087     232.4      .811     432.4      .097     632.4     -.160
    32.81    -1.188     232.8      .479     432.8      .418     632.8     -.709
    33.20     -.774     233.2      .128     433.2      .501     633.2     -.978
    33.59     -.031     233.6     -.332     433.6      .384     633.6     -.917
    33.98      .522     234.0     -.497     434.0      .456     634.0     -.781
    34.38      .607     234.4     -.229     434.4      .572     634.4     -.757
    34.77      .572     234.8      .021     434.8      .734     634.8     -.714
    35.16      .437     235.2     -.276     435.2      .882     635.2     -.448
    35.55      .101     235.5     -.881     435.5      .865     635.5     -.039
    35.94     -.279     235.9    -1.280     435.9      .684     635.9      .310
    36.33     -.594     236.3    -1.102     436.3      .203     636.3      .498
    36.72     -.649     236.7     -.501     436.7     -.146     636.7      .473
    37.11     -.214     237.1      .173     437.1     -.511     637.1      .399
    37.50      .311     237.5      .507     437.5     -.525     637.5      .516
    37.89      .628     237.9      .593     437.9     -.279     637.9      .684
    38.28      .820     238.3      .502     438.3     -.291     638.3      .672
    38.67      .869     238.7      .145     438.7     -.719     638.7      .684
    39.06      .635     239.1     -.379     439.1    -1.062     639.1      .625
    39.45      .273     239.5     -.784     439.5    -1.039     639.5      .305
    39.84     -.145     239.8     -.836     439.8     -.741     639.8     -.093
    40.23     -.299     240.2     -.459     440.2     -.143     640.2     -.357
    40.63     -.081     240.6      .165     440.6      .462     640.6     -.467
    41.02      .281     241.0      .680     441.0      .604     641.0     -.424
    41.41      .552     241.4      .997     441.4      .467     641.4     -.392
    41.80      .720     241.8      .986     441.8      .249     641.8     -.719
    42.19      .632     242.2      .775     442.2     -.102     642.2    -1.019
    42.58      .167     242.6      .428     442.6     -.480     642.6     -.927
    42.97     -.387     243.0      .064     443.0     -.653     643.0     -.529
    43.36     -.891     243.4     -.211     443.4     -.662     643.4     -.147
    43.75    -1.267     243.8     -.115     443.8     -.270     643.8      .213
    44.14    -1.208     244.1      .312     444.1      .429     644.1      .557
    44.53     -.754     244.5      .628     444.5      .933     644.5      .618
    44.92     -.289     244.9      .773     444.9     1.018     644.9      .487
    45.31    -.0014     245.3      .655     445.3      .911     645.3      .193
    45.70      .104     245.7      .287     445.7      .648     645.7     -.197
    46.09     -.036     246.1     -.186     446.1      .350     646.1     -.398
    46.48     -.224     246.5     -.666     446.5      .082     646.5     -.599
    46.88     -.084     246.9    -1.087     446.9     -.053     646.9     -.547
    47.27      .302     247.3    -1.231     447.3      .127     647.3     -.118
    47.66      .760     247.7    -1.003     447.7      .393     647.7      .384
    48.05      .998     248.0     -.573     448.0      .495     648.0      .757
    48.44      .966     248.4     -.160     448.4      .488     648.4      .779
    48.83      .647     248.8      .010     448.8      .384     648.8      .650
    49.22      .438     249.2     -.048     449.2      .072     649.2      .383
    49.61      .159     249.6     -.256     449.6     -.471     649.6      .080
    50.00     -.047     250.0     -.421     450.0     -.958     650.0     -.143
    50.39     -.089     250.4     -.235     450.4    -1.307     650.4     -.137
    50.78     -.033     250.8      .381     450.8    -1.431     650.8      .165
    51.17     -.164     251.2      .904     451.2    -1.044     651.2      .529
    51.56     -.462     251.6     1.047     451.6     -.385     651.6      .750
    51.95     -.819     252.0      .858     452.0     -.033     652.0      .670
    52.34    -1.154     252.3      .590     452.3      .033     652.3      .347
    52.73     -.996     252.7      .418     452.7      .062     652.7     -.146
    53.13     -.448     253.1      .079     453.1     -.021     653.1     -.613
    53.52      .121     253.5     -.054     453.5      .010     653.5     -.970
    53.91      .334     253.9      .067     453.9      .387     653.9    -1.097
    54.30      .344     254.3      .154     454.3      .712     654.3     -.934
    54.69      .243     254.7     -.049     454.7      .884     654.7     -.635
    55.08      .114     255.1     -.351     455.1      .943     655.1     -.289
    55.47      .092     255.5     -.806     455.5      .881     655.5     -.065
    55.86     .0083     255.9    -1.149     455.9      .626     655.9      .050
    56.25     -.179     256.3     -.963     456.3      .517     656.3     -.015
    56.64     -.276     256.6     -.411     456.6      .363     656.6     -.036
    57.03     -.482     257.0      .157     457.0      .019     657.0      .077
    57.42     -.521     257.4      .427     457.4     -.234     657.4      .392
    57.81     -.144     257.8      .363     457.8     -.406     657.8      .827
    58.20      .443     258.2      .044     458.2     -.581     658.2      .845
    58.59      .885     258.6     -.273     458.6     -.844     658.6      .672
    58.98      .937     259.0     -.348     459.0    -1.131     659.0      .597
    59.38      .671     259.4     -.365     459.4    -1.150     659.4      .543
    59.77      .246     259.8     -.224     459.8     -.824     659.8      .323
    60.16     -.114     260.2     -.223     460.2     -.234     660.2     -.083
    60.55     -.214     260.5     -.356     460.5      .245     660.5     -.144
    60.94      .095     260.9     -.209     460.9      .332     660.9     -.160
    61.33      .609     261.3      .203     461.3      .186     661.3     -.405
    61.72      .864     261.7      .703     461.7      .072     661.7     -.749
    62.11      .854     262.1     1.066     462.1      .045     662.1    -1.069
    62.50      .643     262.5     1.017     462.5      .018     662.5    -1.026
    62.89      .121     262.9      .674     462.9     -.064     662.9     -.633
    63.28     -.529     263.3      .080     463.3     -.111     663.3     -.086
    63.67     -.970     263.7     -.276     463.7     -.237     663.7      .202
    64.06    -1.085     264.1     -.150     464.1     -.377     664.1      .307
    64.45     -.947     264.5      .399     464.5     -.059     664.5      .370
    64.84     -.744     264.8      .983     464.8      .501     664.8      .230
    65.23     -.646     265.2     1.027     465.2     1.031     665.2    -.0011
    65.63     -.667     265.6      .640     465.6     1.035     665.6     -.085
    66.02     -.516     266.0      .191     466.0      .767     666.0     -.178
    66.41     -.179     266.4     -.386     466.4      .377     666.4     -.291
    66.80      .122     266.8     -.917     466.8      .028     666.8     -.338
    67.19      .421     267.2    -1.162     467.2     -.107     667.2     -.503
    67.58      .645     267.6    -1.016     467.6      .012     667.6     -.329
    67.97      .771     268.0     -.745     468.0      .418     668.0      .223
    68.36      .626     268.4     -.485     468.4      .613     668.4      .744
    68.75      .617     268.8     -.371     468.8      .546     668.8      .829
    69.14      .637     269.1     -.518     469.1      .237     669.1      .623
    69.53      .659     269.5     -.642     469.5     -.043     669.5      .453
    69.92      .636     269.9     -.480     469.9     -.466     669.9      .045
    70.31      .343     270.3     -.068     470.3     -.961     670.3     -.066
    70.70      .046     270.7      .468     470.7    -1.191     670.7      .158
    71.09     -.303     271.1      .843     471.1     -.994     671.1      .453
    71.48     -.573     271.5      .893     471.5     -.730     671.5      .676
    71.88     -.698     271.9      .722     471.9     -.567     671.9      .765
    72.27     -.736     272.3      .550     472.3     -.390     672.3      .643
    72.66     -.763     272.7      .586     472.7     -.318     672.7      .312
    73.05     -.802     273.0      .611     473.0     -.216     673.0     -.195
    73.44     -.609     273.4      .541     473.4      .066     673.4     -.777
    73.83     -.343     273.8      .299     473.8      .437     673.8    -1.129
    74.22     -.156     274.2     -.038     474.2      .582     674.2    -1.096
    74.61      .024     274.6     -.394     474.6      .776     674.6     -.857
    75.00      .362     275.0     -.540     475.0      .908     675.0     -.595
    75.39      .538     275.4     -.457     475.4      .764     675.4     -.455
    75.78      .481     275.8     -.572     475.8      .713     675.8     -.453
    76.17      .210     276.2     -.701     476.2      .821     676.2     -.358
    76.56     -.077     276.6     -.652     476.6      .632     676.6     -.198
    76.95     -.339     277.0     -.500     477.0      .206     677.0      .196
    77.34     -.675     277.3     -.384     477.3     -.061     677.3      .636
    77.73     -.567     277.7     -.191     477.7     -.297     677.7      .954
    78.13     -.080     278.1     .0090     478.1     -.553     678.1      .909
    78.52      .607     278.5      .142     478.5     -.667     678.5      .720
    78.91      .965     278.9      .329     478.9     -.723     678.9      .605
    79.30      .906     279.3      .371     479.3     -.775     679.3      .558
    79.69      .586     279.7     -.062     479.7     -.861     679.7      .440
    80.08      .156     280.1     -.463     480.1     -.761     680.1      .294
    80.47     -.225     280.5     -.695     480.5     -.479     680.5      .195
    80.86     -.272     280.9     -.619     480.9     -.187     680.9     -.050
    81.25      .135     281.3     -.129     481.3      .028     681.3     -.330
    81.64      .493     281.6      .495     481.6      .262     681.6     -.686
    82.03      .616     282.0      .868     482.0      .337     682.0     -.857
    82.42      .629     282.4     1.023     482.4      .396     682.4     -.937
    82.81      .435     282.8     1.022     482.8      .238     682.8     -.913
    83.20      .094     283.2      .618     483.2     -.135     683.2     -.743
    83.59     -.227     283.6      .078     483.6     -.340     683.6     -.356
    83.98     -.539     284.0     -.239     484.0     -.512     684.0    -.0091
    84.38     -.778     284.4     -.026     484.4     -.531     684.4      .174
    84.77     -.887     284.8      .383     484.8     -.010     684.8      .364
    85.16     -.975     285.2      .652     485.2      .791     685.2      .462
    85.55     -.831     285.5      .659     485.5     1.153     685.5      .456
    85.94     -.530     285.9      .533     485.9     1.075     685.9      .336
    86.33     -.072     286.3      .333     486.3      .725     686.3     .0049
    86.72      .225     286.7     -.048     486.7      .274     686.7     -.376
    87.11      .263     287.1     -.486     487.1     -.090     687.1     -.795
    87.50      .195     287.5     -.953     487.5     -.235     687.5     -.734
    87.89      .153     287.9    -1.141     487.9      .028     687.9     -.223
    88.28      .372     288.3    -1.099     488.3      .323     688.3      .456
    88.67      .609     288.7     -.897     488.7      .583     688.7      .940
    89.06      .774     289.1     -.695     489.1      .608     689.1      .894
    89.45      .728     289.5     -.366     489.5      .338     689.5      .692
    89.84      .649     289.8    -.0061     489.8     -.139     689.8      .255
    90.23      .412     290.2      .086     490.2     -.562     690.2     -.154
    90.63      .076     290.6      .123     490.6     -.839     690.6     -.351
    91.02     -.209     291.0      .136     491.0     -.921     691.0     -.040
    91.41     -.320     291.4      .140     491.4     -.876     691.4      .424
    91.80     -.195     291.8      .444     491.8     -.936     691.8      .637
    92.19     -.215     292.2      .915     492.2     -.954     692.2      .666
    92.58     -.462     292.6      .931     492.6     -.599     692.6      .497
    92.97     -.909     293.0      .830     493.0    -.0093     693.0      .233
    93.36    -1.139     293.4      .665     493.4      .359     693.4     -.081
    93.75     -.891     293.8      .397     493.8      .432     693.8     -.402
    94.14     -.202     294.1      .022     494.1      .419     694.1     -.757
    94.53      .416     294.5     -.277     494.5      .303     694.5     -.905
    94.92      .524     294.9     -.279     494.9      .349     694.9     -.913
    95.31      .423     295.3     -.147     495.3      .652     695.3     -.878
    95.70      .246     295.7     -.139     495.7      .872     695.7     -.630
    96.09      .101     296.1     -.587     496.1      .876     696.1     -.132
    96.48     -.126     296.5    -1.139     496.5      .801     696.5      .163
    96.88     -.393     296.9    -1.201     496.9      .557     696.9      .225
    97.27     -.482     297.3     -.739     497.3      .100     697.3      .178
    97.66     -.414     297.7     -.087     497.7     -.286     697.7      .042
    98.05     -.270     298.0      .344     498.0     -.491     698.0      .066
    98.44     -.066     298.4      .387     498.4     -.421     698.4      .421
    98.83      .283     298.8      .303     498.8     -.316     698.8      .850
    99.22      .626     299.2      .132     499.2     -.478     699.2      .920
    99.61      .746     299.6     -.072     499.6     -.963     699.6      .881
    100.0      .624     300.0     -.381     500.0    -1.285     700.0      .565
    100.4      .436     300.4     -.503     500.4     -.986     700.4      .153
    100.8      .069     300.8     -.489     500.8     -.408     700.8     -.102
    101.2     -.062     301.2     -.340     501.2      .246     701.2     -.310
    101.6      .118     301.6     -.040     501.6      .635     701.6     -.287
    102.0      .427     302.0      .385     502.0      .620     702.0     -.213
    102.3      .708     302.3      .710     502.3      .393     702.3     -.200
    102.7      .829     302.7      .898     502.7      .155     702.7     -.664
    103.1      .679     303.1      .865     503.1     -.161     703.1    -1.120
    103.5      .284     303.5      .642     503.5     -.544     703.5    -1.070
    103.9     -.300     303.9      .346     503.9     -.547     703.9     -.518
    104.3     -.892     304.3      .042     504.3     -.294     704.3      .220
    104.7    -1.212     304.7     -.059     504.7     -.126     704.7      .585
    105.1    -1.140     305.1      .203     505.1      .206     705.1      .574
    105.5     -.821     305.5      .627     505.5      .518     705.5      .385
    105.9     -.477     305.9      .776     505.9      .753     705.9      .205
    106.3     -.283     306.3      .687     506.3      .856     706.3     -.157
    106.6     -.286     306.6      .375     506.6      .693     706.6     -.514
    107.0     -.305     307.0     -.097     507.0      .275     707.0     -.727
    107.4     -.231     307.4     -.625     507.4     -.015     707.4     -.694
    107.8      .055     307.8    -1.074     507.8     -.138     707.8     -.487
    108.2      .601     308.2    -1.276     508.2    -.0002     708.2     -.037
    108.6      .974     308.6     -.996     508.6      .386     708.6      .458
    109.0      .906     309.0     -.564     509.0      .764     709.0      .752
    109.4      .696     309.4     -.328     509.4      .882     709.4      .826
    109.8      .542     309.8     -.288     509.8      .587     709.8      .669
    110.2      .378     310.2     -.382     510.2     .0061     710.2      .389
    110.5      .377     310.5     -.433     510.5     -.677     710.5      .068
    110.9      .274     310.9     -.222     510.9    -1.144     710.9     -.065
    111.3      .200     311.3      .198     511.3    -1.230     711.3      .124
    111.7     -.018     311.7      .663     511.7     -.965     711.7      .503
    112.1     -.344     312.1      .890     512.1     -.564     712.1      .804
    112.5     -.678     312.5      .830     512.5     -.293     712.5      .875
    112.9     -.970     312.9      .725     512.9     -.196     712.9      .626
    113.3    -1.040     313.3      .654     513.3     -.246     713.3      .233
    113.7     -.836     313.7      .629     513.7     -.411     713.7     -.213
    114.1     -.419     314.1      .530     514.1     -.402     714.1     -.776
    114.5     -.045     314.5      .350     514.5    -.0028     714.5    -1.243
    114.8      .146     314.8      .155     514.8      .568     714.8    -1.295
    115.2      .212     315.2     -.081     515.2      .997     715.2     -.934
    115.6      .203     315.6     -.449     515.6     1.023     715.6     -.501
    116.0      .116     316.0     -.764     516.0      .880     716.0     -.232
    116.4      .240     316.4     -.993     516.4      .732     716.4     -.226
    116.8      .245     316.8     -.966     516.8      .563     716.8     -.287
    117.2     .0053     317.2     -.817     517.2      .448     717.2     -.339
    117.6     -.258     317.6     -.442     517.6      .194     717.6     -.241
    118.0     -.498     318.0     -.053     518.0     9.1-5     718.0      .305
    118.4     -.706     318.4     -.012     518.4     -.134     718.4      .876
    118.8     -.357     318.8     -.086     518.8     -.272     718.8     1.133
    119.1      .332     319.1     -.077     519.1     -.575     719.1      .960
    119.5      .930     319.5      .032     519.5     -.966     719.5      .753
    119.9     1.057     319.9      .112     519.9    -1.117     719.9      .637
    120.3      .752     320.3      .027     520.3     -.922     720.3      .439
    120.7      .311     320.7     -.159     520.7     -.506     720.7      .210
    121.1     -.216     321.1     -.385     521.1     -.130     721.1      .127
    121.5     -.283     321.5     -.466     521.5      .027     721.5      .070
    121.9      .068     321.9     -.351     521.9      .090     721.9     -.196
    122.3      .664     322.3      .114     522.3      .111     722.3     -.526
    122.7      .852     322.7      .726     522.7      .132     722.7     -.891
    123.0      .776     323.0     1.156     523.0      .203     723.0    -1.080
    123.4      .448     323.4     1.002     523.4      .122     723.4     -.966
    123.8     -.056     323.8      .731     523.8     -.046     723.8     -.654
    124.2     -.403     324.2      .401     524.2     -.150     724.2     -.211
    124.6     -.671     324.6      .079     524.6     -.328     724.6      .142
    125.0     -.723     325.0     -.034     525.0     -.548     725.0      .244
    125.4     -.670     325.4      .279     525.4     -.200     725.4      .157
    125.8     -.689     325.8      .547     525.8      .468     725.8      .055
    126.2     -.865     326.2      .543     526.2     1.046     726.2      .123
    126.6     -.833     326.6      .441     526.6     1.066     726.6      .230
    127.0     -.485     327.0      .269     527.0      .665     727.0      .032
    127.3     -.079     327.3     -.094     527.3      .385     727.3     -.204
    127.7      .315     327.7     -.453     527.7      .040     727.7     -.421
    128.1      .433     328.1     -.756     528.1     -.140     728.1     -.640
    128.5      .334     328.5     -.985     528.5      .033     728.5     -.509
    128.9      .288     328.9    -1.033     528.9      .452     728.9      .024
    129.3      .447     329.3     -.943     529.3      .613     729.3      .726
    129.7      .645     329.7     -.866     529.7      .550     729.7     1.003
    130.1      .782     330.1     -.714     530.1      .451     730.1      .861
    130.5      .747     330.5     -.207     530.5      .063     730.5      .525
    130.9      .540     330.9      .271     530.9     -.416     730.9      .114
    131.3      .161     331.3      .445     531.3     -.808     731.3     -.077
    131.6     -.141     331.6      .395     531.6     -.918     731.6    -.0055
    132.0     -.389     332.0      .286     532.0     -.947     732.0      .264
    132.4     -.436     332.4      .309     532.4     -.941     732.4      .517
    132.8     -.240     332.8      .638     532.8     -.914     732.8      .656
    133.2     -.144     333.2      .946     533.2     -.791     733.2      .587
    133.6     -.502     333.6     1.048     533.6     -.419     733.6      .303
    134.0     -.960     334.0      .925     534.0      .094     734.0     -.119
    134.4    -1.015     334.4      .593     534.4      .469     734.4     -.490
    134.8     -.714     334.8      .156     534.8      .538     734.8     -.849
    135.2     -.141     335.2     -.256     535.2      .470     735.2     -.939
    135.5      .489     335.5     -.471     535.5      .575     735.5     -.798
    135.9      .711     335.9     -.486     535.9      .709     735.9     -.693
    136.3      .506     336.3     -.286     536.3      .805     736.3     -.645
    136.7      .297     336.7     -.363     536.7      .824     736.7     -.505
    137.1     -.133     337.1     -.823     537.1      .827     737.1     -.182
    137.5     -.715     337.5    -1.213     537.5      .676     737.5      .084
    137.9     -.952     337.9    -1.072     537.9      .232     737.9      .373
    138.3     -.655     338.3     -.488     538.3     -.162     738.3      .407
    138.7     -.098     338.7      .085     538.7     -.500     738.7      .366
    139.1      .425     339.1      .428     539.1     -.607     739.1      .381
    139.5      .775     339.5      .540     539.5     -.433     739.5      .524
    139.8      .764     339.8      .458     539.8     -.465     739.8      .679
    140.2      .635     340.2      .152     540.2     -.874     740.2      .832
    140.6      .517     340.6     -.276     540.6    -1.230     740.6      .776
    141.0      .214     341.0     -.630     541.0    -1.079     741.0      .311
    141.4     -.049     341.4     -.840     541.4     -.638     741.4     .0085
    141.8      .044     341.8     -.509     541.8     -.143     741.8     -.302
    142.2      .322     342.2      .030     542.2      .385     742.2     -.408
    142.6      .495     342.6      .495     542.6      .746     742.6     -.254
    143.0      .591     343.0      .866     543.0      .745     743.0     -.297
    143.4      .699     343.4      .928     543.4      .499     743.4     -.602
    143.8      .598     343.8      .855     543.8      .128     743.8     -.905
    144.1      .218     344.1      .477     544.1     -.241     744.1     -.798
    144.5     -.240     344.5      .156     544.5     -.449     744.5     -.514
    144.9     -.795     344.9     -.096     544.9     -.553     744.9     -.031
    145.3    -1.143     345.3     -.057     545.3     -.514     745.3      .275
    145.7    -1.144     345.7      .292     545.7     -.052     745.7      .440
    146.1     -.793     346.1      .607     546.1      .559     746.1      .443
    146.5     -.370     346.5      .797     546.5      .868     746.5      .345
    146.9     -.153     346.9      .704     546.9      .803     746.9      .079
    147.3     -.045     347.3      .307     547.3      .617     747.3     -.331
    147.7     -.179     347.7     -.232     547.7      .414     747.7     -.729
    148.0     -.378     348.0     -.721     548.0      .056     748.0     -.983
    148.4     -.306     348.4    -1.104     548.4     -.142     748.4     -.773
    148.8      .208     348.8    -1.142     548.8     -.120     748.8     -.166
    149.2      .779     349.2     -.946     549.2      .231     749.2      .533
    149.6     1.066     349.6     -.632     549.6      .565     749.6      .817
    150.0     1.004     350.0     -.348     550.0      .688     750.0      .812
    150.4      .684     350.4     -.170     550.4      .517     750.4      .749
    150.8      .317     350.8     -.162     550.8      .160     750.8      .549
    151.2     -.030     351.2     -.274     551.2     -.225     751.2      .086
    151.6     -.077     351.6     -.248     551.6     -.686     751.6     -.026
    152.0      .035     352.0     -.044     552.0    -1.029     752.0      .162
    152.3      .160     352.3      .393     552.3    -1.130     752.3      .466
    152.7      .043     352.7      .935     552.7     -.995     752.7      .682
    153.1     -.275     353.1     1.177     553.1     -.575     753.1      .831
    153.5     -.735     353.5      .941     553.5     -.133     753.5      .716
    153.9    -1.166     353.9      .778     553.9      .096     753.9      .342
    154.3    -1.155     354.3      .575     554.3     -.012     754.3     -.173
    154.7     -.574     354.7      .240     554.7     -.046     754.7     -.745
    155.1      .111     355.1      .106     555.1     .0015     755.1    -1.235
    155.5      .452     355.5      .050     555.5      .088     755.5    -1.343
    155.9      .436     355.9     -.042     555.9      .531     755.9    -1.027
    156.3      .234     356.3     -.195     556.3      .796     756.3     -.619
    156.6    -.0085     356.6     -.399     556.6      .788     756.6     -.338
    157.0     -.134     357.0     -.868     557.0      .757     757.0     -.099
    157.4     -.116     357.4    -1.163     557.4      .724     757.4     -.061
    157.8     -.198     357.8    -1.027     557.8      .422     757.8     -.204
    158.2     -.311     358.2     -.624     558.2      .164     758.2     -.238
    158.6     -.403     358.6     -.060     558.6     .0055     758.6      .011
    159.0     -.535     359.0      .330     559.0     -.149     759.0      .448
    159.4     -.350     359.4      .332     559.4     -.202     759.4      .848
    159.8      .177     359.8      .107     559.8     -.388     759.8     1.023
    160.2      .845     360.2     -.017     560.2     -.733     760.2      .906
    160.5     1.096     360.5     -.135     560.5    -1.041     760.5      .751
    160.9      .832     360.9     -.220     560.9    -1.034     760.9      .530
    161.3      .406     361.3     -.275     561.3     -.693     761.3      .248
    161.7     -.074     361.7     -.321     561.7     -.193     761.7      .051
    162.1     -.230     362.1     -.379     562.1      .197     762.1      .013
    162.5      .049     362.5     -.248     562.5      .257     762.5     -.034
    162.9      .717     362.9      .135     562.9      .178     762.9     -.183
    163.3     1.087     363.3      .592     563.3      .099     763.3     -.584
    163.7      .962     363.7     1.039     563.7      .089     763.7    -1.110
    164.1      .638     364.1     1.030     564.1      .037     764.1    -1.245
    164.5      .091     364.5      .760     564.5     -.123     764.5     -.827
    164.8     -.547     364.8      .251     564.8     -.217     764.8     -.207
    165.2     -.938     365.2     -.228     565.2     -.307     765.2      .217
    165.6     -.971     365.6     -.235     565.6     -.485     765.6      .326
    166.0     -.830     366.0      .257     566.0     -.213     766.0      .281
    166.4     -.646     366.4      .753     566.4      .373     766.4      .154
    166.8     -.595     366.8      .840     566.8      .924     766.8      .014
    167.2     -.679     367.2      .680     567.2     1.048     767.2     -.121
    167.6     -.698     367.6      .346     567.6      .834     767.6     -.230
    168.0     -.479     368.0     -.220     568.0      .485     768.0     -.303
    168.4     -.154     368.4     -.743     568.4      .095     768.4     -.435
    168.8      .284     368.8    -1.070     568.8     -.189     768.8     -.558
    169.1      .581     369.1    -1.136     569.1     -.139     769.1     -.300
    169.5      .753     369.5     -.938     569.5      .334     769.5      .212
    169.9      .707     369.9     -.656     569.9      .713     769.9      .659
    170.3      .622     370.3     -.583     570.3      .702     770.3      .995
    170.7      .597     370.7     -.595     570.7      .475     770.7     1.010
    171.1      .551     371.1     -.542     571.1      .116     771.1      .729
    171.5      .576     371.5     -.354     571.5     -.418     771.5      .249
    171.9      .465     371.9     -.015     571.9     -.985     771.9     -.089
    172.3      .258     372.3      .393     572.3    -1.180     772.3     -.047
    172.7     -.058     372.7      .759     572.7    -1.050     772.7      .295
    173.0     -.402     373.0      .889     573.0     -.779     773.0      .746
    173.4     -.552     373.4      .871     573.4     -.553     773.4      .851
    173.8     -.628     373.8      .757     573.8     -.400     773.8      .687
    174.2     -.674     374.2      .726     574.2     -.325     774.2      .391
    174.6     -.736     374.6      .784     574.6     -.177     774.6     -.181
    175.0     -.639     375.0      .587     575.0     .0018     775.0     -.800
    175.4     -.456     375.4      .296     575.4      .343     775.4    -1.298
    175.8     -.243     375.8      .018     575.8      .655     775.8    -1.206
    176.2     -.043     376.2     -.152     576.2      .849     776.2     -.779
    176.6      .228     376.6     -.381     576.6      .821     776.6     -.473
    177.0      .386     377.0     -.638     577.0      .702     777.0     -.521
    177.3      .387     377.3     -.705     577.3      .676     777.3     -.508
    177.7      .221     377.7     -.753     577.7      .611     777.7     -.430
    178.1     -.164     378.1     -.783     578.1      .532     778.1     -.348
    178.5     -.475     378.5     -.777     578.5      .227     778.5      .033
    178.9     -.788     378.9     -.505     578.9      .025     778.9      .466
    179.3     -.661     379.3     -.227     579.3     -.262     779.3      .647
    179.7     -.148     379.7      .034     579.7     -.554     779.7      .697
    180.1      .458     380.1      .181     580.1     -.706     780.1      .720
    180.5      .913     380.5      .286     580.5     -.817     780.5      .657
    180.9     1.012     380.9      .367     580.9     -.844     780.9      .601
    181.3      .858     381.3      .112     581.3     -.776     781.3      .576
    181.6      .424     381.6     -.269     581.6     -.565     781.6      .437
    182.0     -.051     382.0     -.649     582.0     -.353     782.0      .210
    182.4     -.315     382.4     -.632     582.4     -.160     782.4      .104
    182.8     -.046     382.8     -.221     582.8      .048     782.8     -.135
    183.2      .543     383.2      .340     583.2      .299     783.2     -.542
    183.6      .825     383.6      .941     583.6      .404     783.6     -.743
    184.0      .722     384.0     1.162     584.0      .470     784.0     -.808
    184.4      .573     384.4     1.122     584.4      .312     784.4     -.809
    184.8      .223     384.8      .792     584.8     -.038     784.8     -.619
    185.2     -.178     385.2      .218     585.2     -.352     785.2     -.255
    185.5     -.551     385.5     -.289     585.5     -.704     785.5     -.120
    185.9     -.842     385.9     -.243     585.9     -.593     785.9    -.0034
    186.3     -.999     386.3      .189     586.3     -.096     786.3      .164
    186.7     -.996     386.7      .482     586.7      .608     786.7      .221
    187.1     -.885     387.1      .531     587.1     1.024     787.1      .262
    187.5     -.661     387.5      .431     587.5     1.034     787.5      .276
    187.9     -.239     387.9      .236     587.9      .806     787.9     -.063
    188.3      .123     388.3     -.075     588.3      .281     788.3     -.503
    188.7      .197     388.7     -.407     588.7     -.244     788.7     -.718
    189.1      .124     389.1     -.854     589.1     -.475     789.1     -.706
    189.5      .085     389.5    -1.177     589.5     -.175     789.5     -.281
    189.8      .168     389.8    -1.180     589.8      .406     789.8      .367
    190.2      .521     390.2    -1.021     590.2      .777     790.2      .984
    190.6      .849     390.6     -.715     590.6      .808     790.6     1.034
    191.0      .851     391.0     -.285     591.0      .552     791.0      .811
    191.4      .732     391.4      .221     591.4      .065     791.4      .521
    191.8      .551     391.8      .388     591.8     -.392     791.8      .050
    192.2      .256     392.2      .253     592.2     -.727     792.2     -.182
    192.6     -.022     392.6      .095     592.6     -.905     792.6      .072
    193.0     -.144     393.0      .034     593.0     -.933     793.0      .477
    193.4     -.192     393.4      .271     593.4     -.911     793.4      .712
    193.8     -.246     393.8      .739     593.8     -.839     793.8      .716
    194.1     -.401     394.1     1.030     594.1     -.554     794.1      .575
    194.5     -.770     394.5      .968     594.5    -.0044     794.5      .185
    194.9    -1.082     394.9      .813     594.9      .318     794.9     -.243
    195.3     -.986     395.3      .585     595.3      .306     795.3     -.545
    195.7     -.505     395.7      .235     595.7      .265     795.7     -.785
    196.1      .099     396.1     -.175     596.1      .147     796.1     -.877
    196.5      .473     396.5     -.388     596.5      .146     796.5     -.954
    196.9      .444     396.9     -.380     596.9      .493     796.9     -.936
    197.3      .294     397.3     -.305     597.3      .927     797.3     -.708
    197.7      .153     397.7     -.535     597.7      .887     797.7     -.290
    198.0     -.082     398.0    -1.008     598.0      .768     798.0      .058
    198.4     -.397     398.4    -1.167     598.4      .457     798.4      .096
    198.8     -.556     398.8     -.895     598.8      .026     798.8      .067
    199.2     -.531     399.2     -.195     599.2     -.219     799.2    -.0021
    199.6     -.385     399.6      .411     599.6     -.346     799.6     .0022
